                Size : 0x000001EA : 490
    Data color space : 0x52474220 : 'RGB '
                 PCS : 0x58595A20 : 'XYZ '
           Tag count : 0x00000009 : 9

 Tag    : Type   : Size   : Offset
 ------ : ------ : ------ : --------
 'cprt' : 'text' :     13 : 240
 'desc' : 'desc' :    140 : 256
 'wtpt' : 'XYZ ' :     20 : 396
 'rXYZ' : 'XYZ ' :     20 : 416
 'gXYZ' : 'XYZ ' :     20 : 436
 'bXYZ' : 'XYZ ' :     20 : 456
 'rTRC' : 'curv' :     14 : 476
 'gTRC' : 'curv' :     14 : 476
 'bTRC' : 'curv' :     14 : 476

rTRC : 2.199219, 1, 0, 0, 0, 0, 0 (f(1) = 1)
gTRC : 2.199219, 1, 0, 0, 0, 0, 0 (f(1) = 1)
bTRC : 2.199219, 1, 0, 0, 0, 0, 0 (f(1) = 1)
Best : 2.199219, 1, 0, 0, 0, 0, 0 (f(1) = 1)
Inv  : 0.4547069, 1, -0, 0, 0, 0, 0 (f(1) = 1)
Best Error: | 0.000167131 0.000167131 0.000167131 |
 XYZ : |  0.20527648      0.14918518      0.6097412      |
       |  0.6256713       0.06321716      0.31111145     |
       |  0.06086731      0.7445526       0.019470214    |
WTPT : |  0.95047         1.              1.0890502      |
252 random bytes transformed to 84 linear XYZD50 pixels:
   0.20252075      0.0976658       0.34619903     |  0.28153273      0.44983145      0.7692903     
   0.15595512      0.19979937      0.3791025      |  0.18689216      0.16465731      0.020911406   
   0.27475845      0.20501096      0.027455557    |  0.17295688      0.44372355      0.18122361    
   0.18058729      0.08256638      0.5565164      |  0.32576477      0.61746436      0.07989838    
   0.09370961      0.13563273      0.0609165      |  0.29551973      0.58036136      0.14267714    
   0.2840783       0.6096547       0.5160712      |  0.13199207      0.23365855      0.3372907     
   0.17922776      0.10200247      0.26906338     |  0.54061573      0.44464695      0.0667524     
   0.7219694       0.8017844       0.40439558     |  0.5178434       0.2759993       0.3665089     
   0.40922913      0.47762242      0.4472872      |  0.15342617      0.18364171      0.31189757    
   0.3313159       0.28939065      0.025303661    |  0.24649196      0.5979163       0.33407527    
   0.7074291       0.8414949       0.11450377     |  0.2976670       0.65891456      0.089836925   
   0.19578108      0.100771576     0.006537517    |  0.58200144      0.7398629       0.8058958     
   0.6554957       0.79861474      0.07206966     |  0.29124504      0.3708887       0.6691246     
   0.42062243      0.26109027      0.019957333    |  0.28638723      0.1688982       0.4458425     
   0.2440495       0.29501205      0.2429221      |  0.2709122       0.28706505      0.1187461     
   0.2662222       0.2161332       0.019325034    |  0.444784        0.552561        0.458961      
   0.49065491      0.37038663      0.76292443     |  0.5614548       0.7757828       0.104389414   
   0.10094133      0.054657422     0.4820050      |  0.55318945      0.42918855      0.5014283     
   0.14092651      0.15411536      0.28632456     |  0.16186662      0.47808393      0.04687706    
   0.22621086      0.106066495     0.6024428      |  0.027944874     0.021225933     0.030158484   
   0.35074606      0.18150177      0.031164813    |  0.29221245      0.1652087       0.1522252     
   0.4204587       0.22771312      0.017856594    |  0.0704135       0.15023668      0.13313004    
   0.42292437      0.22374366      0.3890117      |  0.09166318      0.05243234      0.03426777    
   0.06956516      0.063119836     0.2159571      |  0.18264566      0.40770158      0.0918472     
   0.65607166      0.75435733      0.2628861      |  0.5270059       0.75950366      0.5314648     
   0.80917275      0.8950579       0.27120125     |  0.2475051       0.50569313      0.09337765    
   0.19782513      0.09719216      0.4354887      |  0.26401633      0.142623        0.53947746    
   0.0865622       0.1396023       0.02532113     |  0.16186647      0.07948572      0.72058516    
   0.18648478      0.14323054      0.5046479      |  0.21810631      0.5344613       0.27504456    
   0.16939255      0.18692079      0.05012397     |  0.11720486      0.23975217      0.12778425    
   0.17538040      0.09360899      0.020066173    |  0.091318115     0.049217984     0.0031895698  
   0.18965065      0.32603243      0.099591784    |  0.4799805       0.49165028      0.29252797    
   0.43321818      0.48932042      0.116826385    |  0.08984099      0.06486161      0.39286285    
   0.42237067      0.514112        0.04489236     |  0.1995346       0.29127693      0.026129191   
   0.2962223       0.18694213      0.16768240     |  0.54526323      0.39710003      0.34957015    
   0.10351783      0.07592867      0.26075121     |  0.46902215      0.30598354      0.09512992    
   0.1764417       0.11311484      0.016299326    |  0.16908817      0.49338153      0.052329003   
   0.14022655      0.11529687      0.59957355     |  0.03915857      0.01997374      0.0023142397  
   0.59656184      0.34701597      0.3156456      |  0.1647987       0.11779172      0.67522996    
   0.24753713      0.38284704      0.072574235    |  0.2469522       0.20395733      0.24668875    
   0.25666853      0.49127304      0.11716728     |  0.267922        0.1340307       0.5654757     
   0.20128074      0.4138301       0.09058050     |  0.50062245      0.31338846      0.34584727    
0 max error transforming back from XYZ:
      0   0   0   0   0   0   0   0   0   0   0   0   0   0   0   0   0   0   0   0   0
      0   0   0   0   0   0   0   0   0   0   0   0   0   0   0   0   0   0   0   0   0
      0   0   0   0   0   0   0   0   0   0   0   0   0   0   0   0   0   0   0   0   0
      0   0   0   0   0   0   0   0   0   0   0   0   0   0   0   0   0   0   0   0   0
      0   0   0   0   0   0   0   0   0   0   0   0   0   0   0   0   0   0   0   0   0
      0   0   0   0   0   0   0   0   0   0   0   0   0   0   0   0   0   0   0   0   0
      0   0   0   0   0   0   0   0   0   0   0   0   0   0   0   0   0   0   0   0   0
      0   0   0   0   0   0   0   0   0   0   0   0   0   0   0   0   0   0   0   0   0
      0   0   0   0   0   0   0   0   0   0   0   0   0   0   0   0   0   0   0   0   0
      0   0   0   0   0   0   0   0   0   0   0   0   0   0   0   0   0   0   0   0   0
      0   0   0   0   0   0   0   0   0   0   0   0   0   0   0   0   0   0   0   0   0
      0   0   0   0   0   0   0   0   0   0   0   0   0   0   0   0   0   0   0   0   0
81 edge-case pixels transformed to sRGB 8888 (unpremul):
	00000000 00008000 0000ff00  00830000 00808000 0076ff00  00ff0000 00ff8000 00ffff00
	00000095 00008080 0000ff00  00830095 00808080 0076ff00  00ff0095 00ff8080 00ffff00
	000000ff 000080ff 0000ffff  008300ff 008080ff 0076ffff  00ff00ff 00ff80ff 00ffffff
	7f000000 7f008000 7f00ff00  7f830000 7f808000 7f76ff00  7fff0000 7fff8000 7fffff00
	7f000095 7f008080 7f00ff00  7f830095 7f808080 7f76ff00  7fff0095 7fff8080 7fffff00
	7f0000ff 7f0080ff 7f00ffff  7f8300ff 7f8080ff 7f76ffff  7fff00ff 7fff80ff 7fffffff
	ff000000 ff008000 ff00ff00  ff830000 ff808000 ff76ff00  ffff0000 ffff8000 ffffff00
	ff000095 ff008080 ff00ff00  ff830095 ff808080 ff76ff00  ffff0095 ffff8080 ffffff00
	ff0000ff ff0080ff ff00ffff  ff8300ff ff8080ff ff76ffff  ffff00ff ffff80ff ffffffff
