                Size : 0x00000E98 : 3736
    Data color space : 0x52474220 : 'RGB '
                 PCS : 0x58595A20 : 'XYZ '
 Input Channel Count :            : 3
           Tag count : 0x0000000C : 12

 Tag    : Type   : Size   : Offset
 ------ : ------ : ------ : --------
 'desc' : 'desc' :    115 : 276
 'cprt' : 'text' :     71 : 392
 'chad' : 'sf32' :     44 : 464
 'wtpt' : 'XYZ ' :     20 : 508
 'lumi' : 'XYZ ' :     20 : 528
 'rXYZ' : 'XYZ ' :     20 : 548
 'gXYZ' : 'XYZ ' :     20 : 568
 'bXYZ' : 'XYZ ' :     20 : 588
 'rTRC' : 'curv' :    524 : 608
 'gTRC' : 'curv' :    524 : 1132
 'bTRC' : 'curv' :    524 : 1656
 'vcgt' : 'vcgt' :   1554 : 2180

rTRC : 16-bit table with 256 entries
  ~= : 2.199834, 0.9994049, -3.508671e-05, 0.3307393, 0.003921569, 0.001289368, 0 (Max error: 0.00474447) (D-gap: -2.67371e-06) (f(1) = 0.999908)
gTRC : 16-bit table with 256 entries
  ~= : 2.199834, 0.9994049, -3.508671e-05, 0.3307393, 0.003921569, 0.001289368, 0 (Max error: 0.00474447) (D-gap: -2.67371e-06) (f(1) = 0.999908)
bTRC : 16-bit table with 256 entries
  ~= : 2.199834, 0.9994049, -3.508671e-05, 0.3307393, 0.003921569, 0.001289368, 0 (Max error: 0.00474447) (D-gap: -2.67371e-06) (f(1) = 0.999908)
Best : 2.199834, 0.9994049, -3.508671e-05, 0.3307393, 0.003921569, 0.001289368, 0 (D-gap: -2.67371e-06) (f(1) = 0.999908)
Inv  : 0.4545797, 1.001312, -0.00129106, 3.02353, 0.001297017, 1.907349e-05, -0 (D-gap: 0.000822901) (f(1) = 1.00003)
Best Error: | 0.00474447 0.00474447 0.00474447 |
 XYZ : | 0.436615 0.38534545 0.14224243 |
       | 0.22212219 0.71839904 0.0594635 |
       | 0.012954711 0.09654235 0.71539306 |
CHAD : | 1.0476837 0.022857666 -0.049865722 |
       | 0.029525756 0.9903717 -0.016967773 |
       | -0.009170532 0.0149383544 0.75354003 |
WTPT : | 0.9642028 1. 0.8249054 |
252 random bytes transformed to 84 linear XYZD50 pixels:
     0.21  0.34  0.20     0.65  0.84  0.11     0.30  0.41  0.09     0.10  0.05  0.19
     0.12  0.06  0.29     0.37  0.29  0.03     0.30  0.54  0.15     0.42  0.23  0.18
     0.11  0.09  0.07     0.43  0.28  0.15     0.64  0.65  0.08     0.31  0.38  0.05
     0.18  0.27  0.18     0.27  0.15  0.56     0.66  0.56  0.62     0.30  0.39  0.56
     0.49  0.53  0.32     0.26  0.34  0.10     0.17  0.08  0.34     0.54  0.47  0.05
     0.54  0.30  0.62     0.46  0.25  0.13     0.05  0.02  0.23     0.83  0.94  0.41
     0.50  0.25  0.57     0.54  0.72  0.17     0.13  0.06  0.47     0.30  0.45  0.28
     0.29  0.30  0.19     0.22  0.18  0.24     0.12  0.06  0.28     0.55  0.56  0.33
     0.56  0.80  0.44     0.51  0.28  0.44     0.26  0.47  0.06     0.47  0.56  0.53
     0.23  0.31  0.10     0.33  0.17  0.02     0.34  0.59  0.20     0.03  0.03  0.03
     0.09  0.06  0.41     0.15  0.17  0.32     0.11  0.05  0.49     0.16  0.17  0.02
     0.29  0.40  0.45     0.04  0.04  0.10     0.14  0.22  0.05     0.30  0.19  0.07
     0.56  0.42  0.56     0.71  0.69  0.35     0.64  0.45  0.72     0.36  0.22  0.12
     0.25  0.43  0.19     0.33  0.54  0.25     0.10  0.06  0.06     0.38  0.70  0.11
     0.32  0.51  0.14     0.48  0.40  0.05     0.13  0.09  0.15     0.21  0.18  0.05
     0.05  0.03  0.20     0.02  0.01  0.11     0.25  0.18  0.12     0.42  0.38  0.43
     0.34  0.22  0.38     0.22  0.39  0.05     0.32  0.16  0.37     0.19  0.09  0.15
     0.17  0.19  0.31     0.37  0.41  0.55     0.17  0.26  0.08     0.20  0.14  0.51
     0.06  0.04  0.20     0.35  0.18  0.02     0.35  0.60  0.08     0.01  0.01  0.05
     0.31  0.35  0.65     0.39  0.67  0.10     0.27  0.16  0.17     0.23  0.28  0.23
     0.36  0.23  0.14     0.33  0.56  0.25     0.31  0.19  0.10     0.32  0.38  0.53
1 max error transforming back from XYZ:
      0   0   0   0   0   0   0   0   0   0   0   0   0   0   0   0   0   0   0   0   0
      0   0   0   0   0   0   0   0   0   0   0   0   0   0   0   0   0   0   0   0   0
      0   0   0   0   0   0   0   0   0   0   0   0   0   0   0   0   0   0   0   0   0
      0   0   0   0   0   0   0   0   0   0   0   0   0   0   0   0   0   0   0   0   0
      0   0   0   0   0   0   0   0   0   0   0   0   0   0   0   0   0   0   0   0   0
      0   0   0   0   0   0   0   0   0   0   0   0   0   0   0   0   0   0   0   0   0
      0   0   0   0   0   0   0   0   0   0   0   0   0   0   0   0   0   0   0   0   0
      0   0   0   0   0   0   0   0   0   0   0   0   0   0   0   0   0   0   0   0   0
      0   0   0   0   0   0   0   0   0   0   0   0   0   0   0   0   1   0   0   0   0
      0   0   0   0   0   0   0   0   0   0   0   0   0   0   0   0   0   0   0   0   0
      0   0   0   0   0   0   0   0   0   0   0   0   0   0   0   0   0   0   0   0   0
      0   0   0   0   0   0   0   0   0   0   0   0   0   0   0   0   0   0   0   0   0
81 edge-case pixels transformed to sRGB 8888 (unpremul):
	00040404 00030380 000000ff  00048003 00038080 000080ff  0001ff00 0000ff80 0000ffff
	00800303 00800280 008000ff  00808002 00808080 008080ff  0080ff00 0080ff80 0080ffff
	00ff0000 00ff0080 00ff00ff  00ff8000 00ff8080 00ff80ff  00ffff00 00ffff80 00ffffff
	7f040404 7f030380 7f0000ff  7f048003 7f038080 7f0080ff  7f01ff00 7f00ff80 7f00ffff
	7f800303 7f800280 7f8000ff  7f808002 7f808080 7f8080ff  7f80ff00 7f80ff80 7f80ffff
	7fff0000 7fff0080 7fff00ff  7fff8000 7fff8080 7fff80ff  7fffff00 7fffff80 7fffffff
	ff040404 ff030380 ff0000ff  ff048003 ff038080 ff0080ff  ff01ff00 ff00ff80 ff00ffff
	ff800303 ff800280 ff8000ff  ff808002 ff808080 ff8080ff  ff80ff00 ff80ff80 ff80ffff
	ffff0000 ffff0080 ffff00ff  ffff8000 ffff8080 ffff80ff  ffffff00 ffffff80 ffffffff
