                Size : 0x000001DA : 474
    Data color space : 0x52474220 : 'RGB '
                 PCS : 0x58595A20 : 'XYZ '
           Tag count : 0x00000009 : 9

 Tag    : Type   : Size   : Offset
 ------ : ------ : ------ : --------
 'cprt' : 'text' :     38 : 240
 'desc' : 'desc' :    100 : 280
 'wtpt' : 'XYZ ' :     20 : 380
 'rXYZ' : 'XYZ ' :     20 : 400
 'gXYZ' : 'XYZ ' :     20 : 420
 'bXYZ' : 'XYZ ' :     20 : 440
 'rTRC' : 'curv' :     14 : 460
 'gTRC' : 'curv' :     14 : 460
 'bTRC' : 'curv' :     14 : 460

rTRC : 1.800781, 1, 0, 0, 0, 0, 0 (f(1) = 1)
gTRC : 1.800781, 1, 0, 0, 0, 0, 0 (f(1) = 1)
bTRC : 1.800781, 1, 0, 0, 0, 0, 0 (f(1) = 1)
Best : 1.800781, 1, 0, 0, 0, 0, 0 (f(1) = 1)
Inv  : 0.5553145, 1, -0, 0, 0, 0, 0 (f(1) = 1)
Best Error: | 0.000189781 0.000189781 0.000189781 |
 XYZ : | 0.38511657 0.14303588 0.43605041 |
       | 0.7169036 0.06060791 0.2224884 |
       | 0.09706115 0.71391296 0.013916015 |
WTPT : | 0.95047 1. 1.0890502 |
252 random bytes transformed to 84 linear XYZD50 pixels:
  0.20241317 0.09775675 0.3816731 | 0.4128232 0.54661083 0.7692235
  0.24068611 0.27926325 0.42840838 | 0.22165700 0.21273422 0.040242698
  0.2828221 0.23859027 0.048568394 | 0.32659432 0.5461894 0.2525365
  0.18613743 0.085430614 0.56304776 | 0.4839991 0.70924335 0.13135059
  0.16103638 0.20291067 0.101443626 | 0.46046611 0.6784706 0.21173068
  0.46144524 0.7076923 0.57179284 | 0.22818395 0.3201071 0.39418983
  0.19789731 0.12437053 0.31395107 | 0.51513624 0.46928343 0.104188315
  0.7689988 0.8384714 0.46954974 | 0.43566843 0.24847585 0.40188252
  0.5046269 0.5591636 0.50000453 | 0.23217815 0.25883102 0.36578851
  0.3501262 0.3353528 0.042709454 | 0.42746678 0.69673585 0.40934336
  0.75084865 0.8696597 0.17078438 | 0.47940647 0.75317674 0.14603714
  0.17396493 0.091544695 0.0068361694 | 0.7005857 0.8115816 0.80769527
  0.7054638 0.83334785 0.10689294 | 0.40091922 0.46327641 0.68306064
  0.36423358 0.25772517 0.028194438 | 0.29555678 0.19354003 0.47566074
  0.3337585 0.37805652 0.3050458 | 0.3355256 0.35716685 0.17282162
  0.28375771 0.2572754 0.03400412 | 0.5519791 0.6345630 0.51390826
  0.5053644 0.41554153 0.74814975 | 0.66216975 0.8317378 0.16059719
  0.117271415 0.07408477 0.5031992 | 0.54840725 0.46428424 0.53615713
  0.20987048 0.22177249 0.33961102 | 0.3174988 0.5772830 0.079504653
  0.22594378 0.10809613 0.6012924 | 0.047600295 0.03951961 0.05341874
  0.28676003 0.1530617 0.04673339 | 0.2764914 0.17183144 0.19685916
  0.3386023 0.19834612 0.022906178 | 0.14637754 0.22445280 0.1881171
  0.37376803 0.21130853 0.42220455 | 0.10600526 0.06699247 0.058016423
  0.11036104 0.103926405 0.26543638 | 0.32600694 0.5100143 0.14871086
  0.7130376 0.79847496 0.33514455 | 0.6702547 0.83568823 0.5861765
  0.8292402 0.9102661 0.34430605 | 0.40198087 0.6059525 0.15107038
  0.205459 0.10603916 0.4618957 | 0.27095732 0.16063514 0.5530480
  0.15407425 0.20807868 0.05131924 | 0.17329797 0.095757775 0.69807076
  0.23472139 0.19551476 0.5298802 | 0.38914743 0.6361829 0.350721
  0.2294066 0.25196307 0.08666078 | 0.22280176 0.33093068 0.18641343
  0.16708642 0.095149494 0.034584295 | 0.09632191 0.05598364 0.004187666
  0.30485531 0.42066735 0.15549705 | 0.5349441 0.5541576 0.35645443
  0.49832415 0.5558089 0.17406559 | 0.12037514 0.09852896 0.42863607
  0.4914352 0.58068376 0.07052514 | 0.28725767 0.3738976 0.04623093
  0.29532462 0.20890024 0.2159057 | 0.51987165 0.42018395 0.39924365
  0.14253275 0.114439994 0.3083189 | 0.42018365 0.31070983 0.1359683
  0.18376736 0.13422367 0.030356941 | 0.3291434 0.593085 0.09061680
  0.17922283 0.16254618 0.60792195 | 0.046573493 0.023789363 0.004835221
  0.50324946 0.32449936 0.3590163 | 0.20167723 0.16200628 0.6681672
  0.3582088 0.47366246 0.12118858 | 0.29163527 0.25851783 0.30072873
  0.4057124 0.5910828 0.18022705 | 0.26513055 0.14079898 0.5725407
  0.34158462 0.5149427 0.14679923 | 0.45673501 0.31975117 0.38982051
0 max error transforming back from XYZ:
      0   0   0   0   0   0   0   0   0   0   0   0   0   0   0   0   0   0   0   0   0
      0   0   0   0   0   0   0   0   0   0   0   0   0   0   0   0   0   0   0   0   0
      0   0   0   0   0   0   0   0   0   0   0   0   0   0   0   0   0   0   0   0   0
      0   0   0   0   0   0   0   0   0   0   0   0   0   0   0   0   0   0   0   0   0
      0   0   0   0   0   0   0   0   0   0   0   0   0   0   0   0   0   0   0   0   0
      0   0   0   0   0   0   0   0   0   0   0   0   0   0   0   0   0   0   0   0   0
      0   0   0   0   0   0   0   0   0   0   0   0   0   0   0   0   0   0   0   0   0
      0   0   0   0   0   0   0   0   0   0   0   0   0   0   0   0   0   0   0   0   0
      0   0   0   0   0   0   0   0   0   0   0   0   0   0   0   0   0   0   0   0   0
      0   0   0   0   0   0   0   0   0   0   0   0   0   0   0   0   0   0   0   0   0
      0   0   0   0   0   0   0   0   0   0   0   0   0   0   0   0   0   0   0   0   0
      0   0   0   0   0   0   0   0   0   0   0   0   0   0   0   0   0   0   0   0   0
81 edge-case pixels transformed to sRGB 8888 (unpremul):
	00000000 00009100 0000ff00  00910000 00919100 0091ff00  00ff0000 00ff9100 00ffff00
	00000091 00009191 0000ff91  00910091 00919191 0091ff91  00ff0091 00ff9191 00ffff91
	000000ff 000091ff 0000ffff  009100ff 009191ff 0091ffff  00ff00ff 00ff91ff 00ffffff
	7f000000 7f009100 7f00ff00  7f910000 7f919100 7f91ff00  7fff0000 7fff9100 7fffff00
	7f000091 7f009191 7f00ff91  7f910091 7f919191 7f91ff91  7fff0091 7fff9191 7fffff91
	7f0000ff 7f0091ff 7f00ffff  7f9100ff 7f9191ff 7f91ffff  7fff00ff 7fff91ff 7fffffff
	ff000000 ff009100 ff00ff00  ff910000 ff919100 ff91ff00  ffff0000 ffff9100 ffffff00
	ff000091 ff009191 ff00ff91  ff910091 ff919191 ff91ff91  ffff0091 ffff9191 ffffff91
	ff0000ff ff0091ff ff00ffff  ff9100ff ff9191ff ff91ffff  ffff00ff ffff91ff ffffffff
