                Size : 0x00000390 : 912
    Data color space : 0x47524159 : 'GRAY'
                 PCS : 0x58595A20 : 'XYZ '
           Tag count : 0x00000005 : 5

 Tag    : Type   : Size   : Offset
 ------ : ------ : ------ : --------
 'cprt' : 'text' :     50 : 192
 'desc' : 'desc' :    103 : 244
 'wtpt' : 'XYZ ' :     20 : 348
 'bkpt' : 'XYZ ' :     20 : 368
 'kTRC' : 'curv' :    524 : 388

rTRC : 16-bit table with 256 entries
  ~= : 1.736919, 1, -3.613532e-07, 0.06290532, 0.02352941, 0, 0 (Max error: 0.000202144) (D-gap: 4.44008e-06) (f(1) = 1.00002)
gTRC : 16-bit table with 256 entries
  ~= : 1.736919, 1, -3.613532e-07, 0.06290532, 0.02352941, 0, 0 (Max error: 0.000202144) (D-gap: 4.44008e-06) (f(1) = 1.00002)
bTRC : 16-bit table with 256 entries
  ~= : 1.736919, 1, -3.613532e-07, 0.06290532, 0.02352941, 0, 0 (Max error: 0.000202144) (D-gap: 4.44008e-06) (f(1) = 1.00002)
Best : 1.736919, 1, -3.613532e-07, 0.06290532, 0.02352941, 0, 0 (D-gap: 4.44008e-06) (f(1) = 1.00002)
Inv  : 0.5757321, 1, -0, 15.89691, 0.001480125, -1.525879e-05, -0 (D-gap: -5.66281e-05) (f(1) = 0.999985)
Best Error: | 0.000202144 0.000202144 0.000202144 |
 XYZ : |  0.9642028       0.              0.             |
       |  0.              1.              0.             |
       |  0.              0.              0.8249054      |
WTPT : |  0.9642028       1.              0.8249054      |
252 random bytes transformed to 84 linear XYZD50 pixels:
   0.0023540468    0.5408102       0.24916461     |  0.6543957       0.9864196       0.030221985   
   0.315354        0.5673304       0.08305066     |  0.19631281      0.027191577     0.28394317    
   0.1863964       0.038330663     0.40372344     |  0.71689564      0.26611736      0.015633365   
   0.00070621405   0.792218        0.14844143     |  0.86156654      0.063172355     0.26283434    
   0.238156        0.11660944      0.1125426      |  0.8304930       0.18658734      0.21000568    
   0.89311075      0.684474        0.02005149     |  0.40155625      0.50971233      0.0040782694  
   0.058895316     0.44022277      0.22922642     |  0.39702472      0.083360046     0.6688613     
   0.8428666       0.5355764       0.6843562      |  0.0671492       0.5513542       0.6383121     
   0.5836712       0.6219425       0.36711973     |  0.2833684       0.48439765      0.11495935    
   0.30318653      0.010009918     0.4504599      |  0.8994814       0.45963224      0.011693554   
   0.9058668       0.1032578       0.7157992      |  0.94459086      0.07409782      0.18548573    
   0.006238224     0.0014801253    0.3358278      |  0.86783415      1.              0.41206878    
   0.8804283       0.01200885      0.67400956     |  0.51137256      0.8870680       0.15117289    
   0.14302305      0.008148318     0.59363997     |  0.10209207      0.6557412       0.32439857    
   0.40608781      0.37959867      0.24579122     |  0.36166986      0.19671933      0.3320013     
   0.22030939      0.010986495     0.3872719      |  0.67684745      0.62752735      0.38320621    
   0.32771274      0.9931945       0.45919546     |  0.91869634      0.090608075     0.5456321     
   0.047389905     0.7078356       0.00100698     |  0.37037986      0.6961166       0.5887687     
   0.23453666      0.45474937      0.11741386     |  0.7758057       0.0030060273    0.021222103   
   0.007032714     0.8422371       0.20687146     |  0.03372171      0.07637140      0.053873434   
   0.01590453      0.056977193     0.5269148      |  0.06928254      0.27000841      0.41626033    
   0.0530102       0.0130769815    0.60837966     |  0.2951974       0.23581294      0.0035118428  
   0.05690909      0.5834897       0.5222702      |  0.029116615     0.081010155     0.17082159    
   0.104637384     0.37061113      0.043728105    |  0.6488342       0.12494087      0.11013843    
   0.8182079       0.35291066      0.64843225     |  0.93159943      0.6902877       0.39136275    
   0.91226685      0.34854656      0.7914863      |  0.7520003       0.111177235     0.17955714    
   0.019509166     0.6500496       0.2131525      |  0.06504526      0.7676968       0.27330696    
   0.25285407      0.040054932     0.107759445    |  0.04031305      0.97291535      0.042116936   
   0.16721089      0.7255818       0.14039817     |  0.8243432       0.3886778       0.017785785   
   0.26412406      0.08816663      0.23249910     |  0.41984427      0.21411462      0.06489986    
   0.022098617     0.043595027     0.30204361     |  0.014771644     0.              0.18251514    
   0.5063701       0.15445181      0.17371666     |  0.5418574       0.42589455      0.508462      
   0.5730927       0.16382086      0.48580491     |  0.08974804      0.59984743      0.0074768257  
   0.6213213       0.0019378957    0.47686794     |  0.43377727      0.00024414435   0.23579695    
   0.12319021      0.2898604       0.4078898      |  0.31127855      0.51485467      0.62826746    
   0.094603255     0.43065536      0.09845746     |  0.19298774      0.16067750      0.62327033    
   0.0826859       0.028671702     0.29474303     |  0.7938582       0.017700467     0.026206653   
   0.1610168       0.83591985      0.00080558395  |  0.00047080937   0.005691615     0.09393864    
   0.14596562      0.47940793      0.72641027     |  0.14012464      0.9196766       0.0389953     
   0.55218583      0.095582515     0.25596171     |  0.22382575      0.3978484       0.29838073    
   0.7226924       0.1575494       0.19758208     |  0.032162167     0.7983979       0.2768313     
   0.64328753      0.12213321      0.14573517     |  0.18314486      0.51999694      0.6034454     
0 max error transforming back from XYZ:
      0   0   0   0   0   0   0   0   0   0   0   0   0   0   0   0   0   0   0   0   0
      0   0   0   0   0   0   0   0   0   0   0   0   0   0   0   0   0   0   0   0   0
      0   0   0   0   0   0   0   0   0   0   0   0   0   0   0   0   0   0   0   0   0
      0   0   0   0   0   0   0   0   0   0   0   0   0   0   0   0   0   0   0   0   0
      0   0   0   0   0   0   0   0   0   0   0   0   0   0   0   0   0   0   0   0   0
      0   0   0   0   0   0   0   0   0   0   0   0   0   0   0   0   0   0   0   0   0
      0   0   0   0   0   0   0   0   0   0   0   0   0   0   0   0   0   0   0   0   0
      0   0   0   0   0   0   0   0   0   0   0   0   0   0   0   0   0   0   0   0   0
      0   0   0   0   0   0   0   0   0   0   0   0   0   0   0   0   0   0   0   0   0
      0   0   0   0   0   0   0   0   0   0   0   0   0   0   0   0   0   0   0   0   0
      0   0   0   0   0   0   0   0   0   0   0   0   0   0   0   0   0   0   0   0   0
      0   0   0   0   0   0   0   0   0   0   0   0   0   0   0   0   0   0   0   0   0
81 edge-case pixels transformed to sRGB 8888 (unpremul):
	00000000 002700f4 004b00ff  0000c700 000093ad 000400ff  0000ff00 0000ff00 0000fcff
	009f1600 00a300e5 00ac00ff  0090c800 00949494 009f00ff  0060ff00 0068ff00 0077fdff
	00ff2e00 00ff00bb 00ff00ff  00ffcb00 00ff991f 00ff00ff  00f7ff00 00f9ff00 00ffffff
	7f000000 7f2700f4 7f4b00ff  7f00c700 7f0093ad 7f0400ff  7f00ff00 7f00ff00 7f00fcff
	7f9f1600 7fa300e5 7fac00ff  7f90c800 7f949494 7f9f00ff  7f60ff00 7f68ff00 7f77fdff
	7fff2e00 7fff00bb 7fff00ff  7fffcb00 7fff991f 7fff00ff  7ff7ff00 7ff9ff00 7fffffff
	ff000000 ff2700f4 ff4b00ff  ff00c700 ff0093ad ff0400ff  ff00ff00 ff00ff00 ff00fcff
	ff9f1600 ffa300e5 ffac00ff  ff90c800 ff949494 ff9f00ff  ff60ff00 ff68ff00 ff77fdff
	ffff2e00 ffff00bb ffff00ff  ffffcb00 ffff991f ffff00ff  fff7ff00 fff9ff00 ffffffff
