                Size : 0x000007A8 : 1960
    Data color space : 0x52474220 : 'RGB '
                 PCS : 0x58595A20 : 'XYZ '
           Tag count : 0x0000000B : 11

 Tag    : Type   : Size   : Offset
 ------ : ------ : ------ : --------
 'desc' : 'desc' :    111 : 264
 'dscm' : 'mluc' :   1388 : 376
 'cprt' : 'text' :     56 : 1764
 'wtpt' : 'XYZ ' :     20 : 1820
 'rXYZ' : 'XYZ ' :     20 : 1840
 'gXYZ' : 'XYZ ' :     20 : 1860
 'bXYZ' : 'XYZ ' :     20 : 1880
 'rTRC' : 'curv' :     14 : 1900
 'chad' : 'sf32' :     44 : 1916
 'bTRC' : 'curv' :     14 : 1900
 'gTRC' : 'curv' :     14 : 1900

rTRC : 1.800781, 1, 0, 0, 0, 0, 0 (f(1) = 1)
gTRC : 1.800781, 1, 0, 0, 0, 0, 0 (f(1) = 1)
bTRC : 1.800781, 1, 0, 0, 0, 0, 0 (f(1) = 1)
Best : 1.800781, 1, 0, 0, 0, 0, 0 (f(1) = 1)
Inv  : 0.5553145, 1, -0, 0, 0, 0, 0 (f(1) = 1)
Best Error: | 0.000189781 0.000189781 0.000189781 |
 XYZ : | 0.45429992 0.35334777 0.15664672 |
       | 0.24191284 0.67362976 0.0844574 |
       | 0.014892578 0.09063720 0.719574 |
CHAD : | 1.0478820 0.022918701 -0.050201416 |
       | 0.029571533 0.9904937 -0.017059326 |
       | -0.009231567 0.015075683 0.75164794 |
WTPT : | 0.95047 1. 1.0890960 |
252 random bytes transformed to 84 linear XYZD50 pixels:
  0.23298908 0.38104733 0.2559295 | 0.65738803 0.8287097 0.12266636
  0.3534013 0.45801556 0.12160690 | 0.14748930 0.09044258 0.24314023
  0.16936475 0.10718812 0.34882745 | 0.42619347 0.3500013 0.045709893
  0.30411782 0.54337924 0.19276765 | 0.47220307 0.2794727 0.23823475
  0.16449782 0.14002722 0.10449071 | 0.48898175 0.34579554 0.20282521
  0.66136616 0.6798707 0.090181805 | 0.35952076 0.43285188 0.054004032
  0.21747475 0.32342734 0.23026536 | 0.33393901 0.21559523 0.59169513
  0.7090802 0.63254785 0.6531606 | 0.33933877 0.4433636 0.601328
  0.5535827 0.5919334 0.3750689 | 0.3145914 0.3966271 0.14020444
  0.2235339 0.12368921 0.3895416 | 0.58238 0.5269678 0.063065275
  0.5945265 0.36359426 0.643588 | 0.50182265 0.3001267 0.17382402
  0.06454554 0.035348504 0.2835739 | 0.8368614 0.931607 0.45437523
  0.5440022 0.29548376 0.5979583 | 0.5743603 0.7346897 0.2116425
  0.17660263 0.09809988 0.51424276 | 0.33192461 0.49057382 0.33336192
  0.3593885 0.36948472 0.24433498 | 0.2907893 0.2452117 0.30222237
  0.17311584 0.0971806 0.33261042 | 0.60346204 0.6212757 0.39119201
  0.5845714 0.7938923 0.48687347 | 0.563397 0.34096187 0.49043843
  0.2670564 0.48147985 0.06460236 | 0.52157133 0.6119222 0.57498484
  0.28172972 0.36460661 0.13880534 | 0.3669384 0.19659376 0.028285786
  0.33576622 0.5852758 0.24740979 | 0.047847122 0.05926584 0.049258261
  0.12298338 0.09104172 0.45695403 | 0.19762387 0.23065395 0.37838232
  0.14062067 0.08105517 0.52647274 | 0.21270538 0.22181256 0.027134658
  0.3238079 0.4507811 0.5006133 | 0.06876972 0.07267376 0.14771345
  0.17912566 0.26888462 0.06810977 | 0.3615831 0.24885352 0.10958114
  0.6251447 0.49857127 0.6038988 | 0.7512421 0.7310724 0.4082239
  0.6974155 0.535127 0.73374337 | 0.41950756 0.27338314 0.16888055
  0.2725496 0.45600193 0.23513865 | 0.3461813 0.55371266 0.29869455
  0.14496333 0.09459395 0.094156906 | 0.36747604 0.66753906 0.12157806
  0.3522073 0.53580135 0.18216383 | 0.52165556 0.4600247 0.06014749
  0.18927612 0.1402173 0.20475883 | 0.27454647 0.24448466 0.076177693
  0.078056924 0.060796216 0.25770247 | 0.03875346 0.020854491 0.15079771
  0.31510487 0.23800689 0.16379950 | 0.49062204 0.4622376 0.48130324
  0.40953296 0.29309365 0.43816638 | 0.24794904 0.41781735 0.060108952
  0.37733328 0.2022683 0.417244 | 0.24122592 0.1287592 0.20291692
  0.22713954 0.25589585 0.3735673 | 0.43631136 0.47704103 0.59266156
  0.20572747 0.31233623 0.118597954 | 0.25591647 0.20998819 0.5544623
  0.09836837 0.064956866 0.25097277 | 0.381082 0.21036465 0.033686082
  0.36449813 0.59716606 0.077986724 | 0.018201876 0.012084717 0.07607203
  0.36630642 0.42249432 0.6749690 | 0.39202892 0.6538288 0.11550612
  0.33242568 0.21989175 0.23016087 | 0.29038474 0.3416774 0.2888253
  0.4244858 0.29773792 0.18788956 | 0.34360626 0.56765025 0.30414107
  0.3645119 0.24914851 0.13932052 | 0.37382456 0.44626274 0.56899565
0 max error transforming back from XYZ:
      0   0   0   0   0   0   0   0   0   0   0   0   0   0   0   0   0   0   0   0   0
      0   0   0   0   0   0   0   0   0   0   0   0   0   0   0   0   0   0   0   0   0
      0   0   0   0   0   0   0   0   0   0   0   0   0   0   0   0   0   0   0   0   0
      0   0   0   0   0   0   0   0   0   0   0   0   0   0   0   0   0   0   0   0   0
      0   0   0   0   0   0   0   0   0   0   0   0   0   0   0   0   0   0   0   0   0
      0   0   0   0   0   0   0   0   0   0   0   0   0   0   0   0   0   0   0   0   0
      0   0   0   0   0   0   0   0   0   0   0   0   0   0   0   0   0   0   0   0   0
      0   0   0   0   0   0   0   0   0   0   0   0   0   0   0   0   0   0   0   0   0
      0   0   0   0   0   0   0   0   0   0   0   0   0   0   0   0   0   0   0   0   0
      0   0   0   0   0   0   0   0   0   0   0   0   0   0   0   0   0   0   0   0   0
      0   0   0   0   0   0   0   0   0   0   0   0   0   0   0   0   0   0   0   0   0
      0   0   0   0   0   0   0   0   0   0   0   0   0   0   0   0   0   0   0   0   0
81 edge-case pixels transformed to sRGB 8888 (unpremul):
	00000000 00001193 000026ff  00008e00 00008f91 000093ff  0000f900 0000fa8d 0000fbff
	00921801 00922193 00912fff  00929000 00919191 009195ff  0091fa00 0091fb8d 0091fcff
	00ff3304 00ff3793 00ff40ff  00ff9600 00ff9792 00ff9aff  00fffd00 00fffd8d 00ffffff
	7f000000 7f001193 7f0026ff  7f008e00 7f008f91 7f0093ff  7f00f900 7f00fa8d 7f00fbff
	7f921801 7f922193 7f912fff  7f929000 7f919191 7f9195ff  7f91fa00 7f91fb8d 7f91fcff
	7fff3304 7fff3793 7fff40ff  7fff9600 7fff9792 7fff9aff  7ffffd00 7ffffd8d 7fffffff
	ff000000 ff001193 ff0026ff  ff008e00 ff008f91 ff0093ff  ff00f900 ff00fa8d ff00fbff
	ff921801 ff922193 ff912fff  ff929000 ff919191 ff9195ff  ff91fa00 ff91fb8d ff91fcff
	ffff3304 ffff3793 ffff40ff  ffff9600 ffff9792 ffff9aff  fffffd00 fffffd8d ffffffff
