                Size : 0x00000198 : 408
    Data color space : 0x47524159 : 'GRAY'
                 PCS : 0x58595A20 : 'XYZ '
           Tag count : 0x00000005 : 5

 Tag    : Type   : Size   : Offset
 ------ : ------ : ------ : --------
 'cprt' : 'text' :     50 : 192
 'desc' : 'desc' :    105 : 244
 'wtpt' : 'XYZ ' :     20 : 352
 'bkpt' : 'XYZ ' :     20 : 372
 'kTRC' : 'curv' :     14 : 392

rTRC : 2.199219, 1, 0, 0, 0, 0, 0 (f(1) = 1)
gTRC : 2.199219, 1, 0, 0, 0, 0, 0 (f(1) = 1)
bTRC : 2.199219, 1, 0, 0, 0, 0, 0 (f(1) = 1)
Best : 2.199219, 1, 0, 0, 0, 0, 0 (f(1) = 1)
Inv  : 0.4547069, 1, -0, 0, 0, 0, 0 (f(1) = 1)
Best Error: | 0.000167131 0.000167131 0.000167131 |
 XYZ : | 0.9642028 0. 0. |
       | 0. 1. 0. |
       | 0. 0. 0.8249054 |
WTPT : | 0.9505004 1. 1.0890960 |
252 random bytes transformed to 84 linear XYZD50 pixels:
  0.000476147 0.45919227 0.18117024 | 0.590191 0.9827880 0.012534496
  0.23417903 0.48788452 0.045069534 | 0.12851429 0.010414481 0.21372509
  0.120359845 0.016088724 0.33380088 | 0.66242235 0.18706321 0.005440854
  0.000055072006 0.7444648 0.09404183 | 0.8359460 0.030290007 0.1938336
  0.16411685 0.0658021 0.0662272 | 0.7979618 0.11934804 0.14588163
  0.8749123 0.6187133 0.0074525703 | 0.31800296 0.42601776 0.0009936462
  0.027984913 0.35383606 0.16299845 | 0.31347334 0.043028354 0.6324147
  0.8130385 0.4535675 0.6510183 | 0.03303638 0.47055625 0.59609156
  0.5106511 0.548069 0.2959406 | 0.20454791 0.39940643 0.068040125
  0.22281265 0.002937763 0.38346156 | 0.88283133 0.37372207 0.0037684224
  0.8907871 0.056417703 0.6891099 | 0.9393643 0.037062645 0.12466693
  0.0016298408 0.00026229396 0.26434552 | 0.8436628 1. 0.34255203
  0.8592066 0.0037041753 0.63858544 | 0.4319463 0.85902023 0.096232384
  0.086073584 0.0022677034 0.5438017 | 0.05614661 0.58602523 0.2529982
  0.3225657 0.29327201 0.17807145 | 0.278531 0.12761211 0.26053163
  0.14870268 0.003308773 0.31666833 | 0.615927 0.5542984 0.3124626
  0.24585437 0.99137496 0.39289555 | 0.90681284 0.04782629 0.48874285
  0.02125402 0.64556884 0.00014489406 | 0.28705325 0.6320648 0.5381501
  0.16096837 0.3686962 0.0698798 | 0.73204225 0.0006397143 0.00801058
  0.0018969586 0.80443573 0.14313057 | 0.013815849 0.038508176 0.026054618
  0.005333852 0.026581049 0.4676154 | 0.034371547 0.1905384 0.3469716
  0.024494012 0.0041238963 0.56094223 | 0.2154104 0.16051578 0.000820611
  0.026792965 0.50554657 0.46241387 | 0.01147178 0.04149103 0.11233083
  0.05792637 0.28450393 0.020007718 | 0.5838462 0.07181453 0.06444101
  0.7830433 0.2674121 0.6080775 | 0.92300766 0.62537384 0.32090702
  0.89877975 0.26323127 0.7827135 | 0.7037316 0.061955452 0.119647845
  0.0069095622 0.5796012 0.14866258 | 0.03173064 0.71541976 0.20364993
  0.1770492 0.017010331 0.0626804 | 0.017317267 0.9657363 0.019083848
  0.10489877 0.6661148 0.08763621 | 0.79048055 0.30218505 0.0064036655
  0.1871034 0.04619646 0.16595327 | 0.33646541 0.14205265 0.032983202
  0.008084958 0.018938541 0.23111724 | 0.0048573026 0. 0.12214323
  0.42659643 0.09395408 0.11474125 | 0.46481233 0.3393116 0.44699472
  0.49897676 0.10122633 0.42194333 | 0.047710102 0.5235366 0.002137156
  0.5526996 0.00036809593 0.41215062 | 0.3506887 0.000005098932 0.16893798
  0.07123917 0.20845222 0.3381623 | 0.23035468 0.4314518 0.5842471
  0.050993073 0.3441162 0.05590698 | 0.12576302 0.09877014 0.5783721
  0.04300024 0.011142432 0.22407007 | 0.75366604 0.006051123 0.010460090
  0.10000316 0.7967987 0.00008870172 | 0.000022577785 0.0014363005 0.052680376
  0.08831679 0.39419555 0.70207774 | 0.08386118 0.8992347 0.017306515
  0.4760656 0.051168203 0.18744173 | 0.15171876 0.31124687 0.22757871
  0.6692085 0.0963459 0.13504733 | 0.013007692 0.7518196 0.20698
  0.5775418 0.069777965 0.09187883 | 0.11770100 0.43692398 0.5551962
0 max error transforming back from XYZ:
      0   0   0   0   0   0   0   0   0   0   0   0   0   0   0   0   0   0   0   0   0
      0   0   0   0   0   0   0   0   0   0   0   0   0   0   0   0   0   0   0   0   0
      0   0   0   0   0   0   0   0   0   0   0   0   0   0   0   0   0   0   0   0   0
      0   0   0   0   0   0   0   0   0   0   0   0   0   0   0   0   0   0   0   0   0
      0   0   0   0   0   0   0   0   0   0   0   0   0   0   0   0   0   0   0   0   0
      0   0   0   0   0   0   0   0   0   0   0   0   0   0   0   0   0   0   0   0   0
      0   0   0   0   0   0   0   0   0   0   0   0   0   0   0   0   0   0   0   0   0
      0   0   0   0   0   0   0   0   0   0   0   0   0   0   0   0   0   0   0   0   0
      0   0   0   0   0   0   0   0   0   0   0   0   0   0   0   0   0   0   0   0   0
      0   0   0   0   0   0   0   0   0   0   0   0   0   0   0   0   0   0   0   0   0
      0   0   0   0   0   0   0   0   0   0   0   0   0   0   0   0   0   0   0   0   0
      0   0   0   0   0   0   0   0   0   0   0   0   0   0   0   0   0   0   0   0   0
81 edge-case pixels transformed to sRGB 8888 (unpremul):
	00000000 002100d3 004b00ff  0000ac00 00007e96 002700ff  0000ff00 0000ff00 0000fcff
	00891200 008d00c6 009900ff  007cad00 00808080 008e00ff  0028ff00 0036ff00 0055fdff
	00ff2e00 00ff0088 00ff00ff  00ffb100 00ff8600 00ff00ff  00f7ff00 00f9ff00 00ffffff
	7f000000 7f2100d3 7f4b00ff  7f00ac00 7f007e96 7f2700ff  7f00ff00 7f00ff00 7f00fcff
	7f891200 7f8d00c6 7f9900ff  7f7cad00 7f808080 7f8e00ff  7f28ff00 7f36ff00 7f55fdff
	7fff2e00 7fff0088 7fff00ff  7fffb100 7fff8600 7fff00ff  7ff7ff00 7ff9ff00 7fffffff
	ff000000 ff2100d3 ff4b00ff  ff00ac00 ff007e96 ff2700ff  ff00ff00 ff00ff00 ff00fcff
	ff891200 ff8d00c6 ff9900ff  ff7cad00 ff808080 ff8e00ff  ff28ff00 ff36ff00 ff55fdff
	ffff2e00 ffff0088 ffff00ff  ffffb100 ffff8600 ffff00ff  fff7ff00 fff9ff00 ffffffff
