                Size : 0x00000844 : 2116
    Data color space : 0x52474220 : 'RGB '
                 PCS : 0x58595A20 : 'XYZ '
           Tag count : 0x0000000B : 11

 Tag    : Type   : Size   : Offset
 ------ : ------ : ------ : --------
 'desc' : 'mluc' :     48 : 264
 'cprt' : 'mluc' :     88 : 312
 'wtpt' : 'XYZ ' :     20 : 400
 'bkpt' : 'XYZ ' :     20 : 420
 'chad' : 'sf32' :     44 : 440
 'rXYZ' : 'XYZ ' :     20 : 484
 'gXYZ' : 'XYZ ' :     20 : 504
 'bXYZ' : 'XYZ ' :     20 : 524
 'rTRC' : 'curv' :    524 : 544
 'gTRC' : 'curv' :    524 : 1068
 'bTRC' : 'curv' :    524 : 1592

rTRC : 16-bit table with 256 entries
  ~= : 6.107902, 0.5691719, 0.4350795, 0.04863813, 0.01568628, -0.005722046, 0 (Max error: 0.0100443) (D-gap: 0.000529933) (f(1) = 1.02042)
gTRC : 16-bit table with 256 entries
  ~= : 6.107902, 0.5691719, 0.4350795, 0.04863813, 0.01568628, -0.005722046, 0 (Max error: 0.0100443) (D-gap: 0.000529933) (f(1) = 1.02042)
bTRC : 16-bit table with 256 entries
  ~= : 6.107902, 0.5691719, 0.4350795, 0.04863813, 0.01568628, -0.005722046, 0 (Max error: 0.0100443) (D-gap: 0.000529933) (f(1) = 1.02042)
Best : 6.107902, 0.5691719, 0.4350795, 0.04863813, 0.01568628, -0.005722046, 0 (D-gap: 0.000529933) (f(1) = 1.02042)
Inv  : 0.1637223, 31.27466, 0.178955, 20.56, 0.0007629511, -0.7644653, -0 (D-gap: -0.0100443) (f(1) = 0.994202)
Best Error: | 0.0100443 0.0100443 0.0100443 |
 XYZ : | 0.4459075 0.3938140 0.13781738 |
       | 0.22624206 0.73461914 0.053771972 |
       | 0.004348754 0.08099365 0.7522277 |
 !!! This does not appear to use a D50 whitepoint, rather [0.977539 1.01463 0.83757]
CHAD : | 1.0695648 0.034210205 -0.05618286 |
       | 0.046295166 0.97895813 -0.019805908 |
       | -0.0093688964 0.014602661 0.74076843 |
WTPT : | 0.9642028 1. 0.8249054 |
252 random bytes transformed to 84 linear XYZD50 pixels:
  0.1440587 0.24110116 0.12428955 | 0.59469986 0.82129865 0.090304493
  0.20580947 0.2882277 0.054256975 | 0.060183107 0.033210322 0.11977917
  0.07484194 0.040669154 0.20455044 | 0.29279357 0.20730185 0.016778182
  0.25673216 0.46503591 0.10092195 | 0.38200578 0.20284149 0.11138611
  0.06681878 0.05458252 0.03972405 | 0.37101763 0.22378253 0.0868422
  0.5705714 0.54536575 0.04916654 | 0.2074163 0.25948816 0.0262753
  0.115118965 0.17863085 0.106378674 | 0.19333535 0.1024545 0.49704888
  0.55692684 0.4388759 0.54490375 | 0.2225256 0.27890205 0.47844836
  0.36277791 0.39625197 0.20906551 | 0.1676041 0.22631359 0.059000857
  0.10808491 0.051976017 0.24413825 | 0.48337048 0.37582513 0.027884271
  0.5090833 0.26496791 0.5704098 | 0.44912216 0.23971118 0.072438783
  0.029791222 0.0124825295 0.15235796 | 0.79169464 0.9319841 0.2944935
  0.46380293 0.22726753 0.50526285 | 0.45502686 0.64848434 0.11594426
  0.097319625 0.042928837 0.39508986 | 0.21710856 0.34410366 0.18052221
  0.18450132 0.18894927 0.11233826 | 0.1364688 0.10577026 0.15641605
  0.0767892 0.037409216 0.19084273 | 0.41921302 0.42801824 0.22229668
  0.5033121 0.77720964 0.33166465 | 0.47747981 0.25131905 0.3450276
  0.20792087 0.3776029 0.0420186 | 0.34823805 0.43229818 0.42940047
  0.1450685 0.20127262 0.05772607 | 0.2904905 0.14824874 0.009979704
  0.293907 0.5254721 0.13371682 | 0.018497653 0.022701606 0.018548384
  0.06872744 0.038261205 0.31985744 | 0.09403321 0.103155493 0.22267982
  0.086001575 0.03765824 0.41337943 | 0.09675437 0.09917469 0.009973318
  0.20862934 0.29250714 0.34272933 | 0.026390962 0.026635590 0.06187596
  0.08821173 0.13847889 0.027816651 | 0.23050914 0.1393757 0.040686622
  0.46951022 0.31570532 0.48178833 | 0.6419932 0.5815380 0.23668892
  0.5873985 0.3691130 0.7072714 | 0.29843977 0.17040881 0.06927681
  0.18985544 0.32803005 0.11494924 | 0.26362726 0.44775894 0.16032031
  0.05980382 0.036951027 0.035878554 | 0.38068741 0.69798445 0.08950587
  0.24665163 0.40893876 0.09018167 | 0.39996093 0.30371454 0.024497117
  0.07912056 0.054085742 0.092419274 | 0.13628949 0.112963 0.027498742
  0.03341142 0.022103492 0.13111577 | 0.014611775 0.0060200444 0.06492464
  0.16807033 0.11358149 0.06671775 | 0.29147297 0.25746053 0.31805095
  0.24044732 0.1478238 0.28278374 | 0.16390232 0.28588584 0.03392452
  0.24122574 0.11740180 0.26970264 | 0.12212041 0.06009893 0.0923057
  0.10636784 0.115674965 0.21676144 | 0.25996702 0.2793253 0.46281325
  0.10738643 0.17182306 0.048983752 | 0.13584938 0.09068664 0.4369458
  0.03982824 0.02298489 0.12625002 | 0.30578231 0.15862977 0.0118978414
  0.3014847 0.5254297 0.05724768 | 0.006702744 0.004336411 0.029634706
  0.23333793 0.24564439 0.60181605 | 0.35670086 0.63092076 0.08044487
  0.18765962 0.110301055 0.10644657 | 0.1412847 0.17347458 0.1437991
  0.28772053 0.17475387 0.07899680 | 0.27716538 0.47904887 0.16605567
  0.22945313 0.13796423 0.054364953 | 0.22361868 0.26414385 0.4311271
3 max error transforming back from XYZ:
      2   1   1   2   2   0   0   2   1   1   0   0   1   0   1   2   1   1   0   2   1
      2   1   0   1   2   2   2   1   1   2   2   1   1   1   2   1   1   1   0   1   2
      2   1   2   1   1   2   2   2   1   1   1   2   0   2   1   2   1   1   2   1   2
      2   1   1   2   3   0   2   1   1   2   2   2   1   2   1   2   2   2   1   2   0
      1   0   1   0   1   0   1   2   1   2   2   1   0   2   1   2   1   2   0   2   3
      0   2   2   1   1   2   2   2   1   2   2   1   0   1   1   1   1   2   1   1   1
      1   1   2   0   1   2   1   2   2   0   1   1   2   0   1   2   2   2   2   0   2
      2   2   1   2   0   2   2   2   1   1   2   1   1   2   0   1   0   2   0   2   1
      1   2   2   2   0   1   1   1   1   1   1   1   1   0   0   1   0   1   1   2   1
      2   1   2   2   2   2   1   2   2   2   2   2   1   0   1   2   1   1   0   1   2
      1   1   2   1   2   2   1   0   0   2   1   0   2   2   0   0   2   2   2   1   2
      2   2   0   2   1   0   1   0   0   2   2   1   0   2   0   2   2   1   1   1   2
81 edge-case pixels transformed to sRGB 8888 (unpremul):
	00000000 00000066 000000ff  00006603 00006566 000065ff  0000ff13 0000ff68 0000ffff
	00670000 00660065 006200ff  00666500 00656565 006164ff  005dff0b 005cff67 0057ffff
	00ff0000 00ff005c 00ff00ff  00ff6300 00ff635d 00ff62ff  00ffff00 00ffff5f 00ffffff
	7f000000 7f000066 7f0000ff  7f006603 7f006566 7f0065ff  7f00ff13 7f00ff68 7f00ffff
	7f670000 7f660065 7f6200ff  7f666500 7f656565 7f6164ff  7f5dff0b 7f5cff67 7f57ffff
	7fff0000 7fff005c 7fff00ff  7fff6300 7fff635d 7fff62ff  7fffff00 7fffff5f 7fffffff
	ff000000 ff000066 ff0000ff  ff006603 ff006566 ff0065ff  ff00ff13 ff00ff68 ff00ffff
	ff670000 ff660065 ff6200ff  ff666500 ff656565 ff6164ff  ff5dff0b ff5cff67 ff57ffff
	ffff0000 ffff005c ffff00ff  ffff6300 ffff635d ffff62ff  ffffff00 ffffff5f ffffffff
