                Size : 0x00002204 : 8708
    Data color space : 0x52474220 : 'RGB '
                 PCS : 0x58595A20 : 'XYZ '
 Input Channel Count :            : 3
           Tag count : 0x0000000B : 11

 Tag    : Type   : Size   : Offset
 ------ : ------ : ------ : --------
 'desc' : 'mluc' :     68 : 264
 'cprt' : 'mluc' :     36 : 332
 'wtpt' : 'XYZ ' :     20 : 368
 'chad' : 'sf32' :     44 : 388
 'cicp' : 'cicp' :     12 : 432
 'rXYZ' : 'XYZ ' :     20 : 444
 'gXYZ' : 'XYZ ' :     20 : 464
 'bXYZ' : 'XYZ ' :     20 : 484
 'rTRC' : 'curv' :   8204 : 504
 'gTRC' : 'curv' :   8204 : 504
 'bTRC' : 'curv' :   8204 : 504

rTRC : 16-bit table with 4096 entries
  ~= : 7.06504, 1, -1.122057e-05, 0.0003810142, 0.1201465, -3.814697e-05, 0 (Max error: 0.150819) (D-gap: -8.361e-05) (f(1) = 0.999878)
gTRC : 16-bit table with 4096 entries
  ~= : 7.06504, 1, -1.122057e-05, 0.0003810142, 0.1201465, -3.814697e-05, 0 (Max error: 0.150819) (D-gap: -8.361e-05) (f(1) = 0.999878)
bTRC : 16-bit table with 4096 entries
  ~= : 7.06504, 1, -1.122057e-05, 0.0003810142, 0.1201465, -3.814697e-05, 0 (Max error: 0.150819) (D-gap: -8.361e-05) (f(1) = 0.999878)
Best : 7.06504, 1, -1.122057e-05, 0.0003810142, 0.1201465, -3.814697e-05, 0 (D-gap: -8.361e-05) (f(1) = 0.999878)
Inv  : 0.141542, 1, 3.814697e-05, 2624.574, 4.577753e-05, 0, -0 (D-gap: 0.144727) (f(1) = 1.00001)
Best Error: | 0.150819 0.150819 0.150819 |
 XYZ : | 0.5151062 0.29196167 0.15715026 |
       | 0.24118042 0.6922302 0.066589355 |
       | -0.0010375976 0.041885376 0.78437805 |
CHAD : | 1.0478515 0.022903442 -0.05014038 |
       | 0.029571533 0.9904785 -0.017044067 |
       | -0.009231567 0.015060424 0.7519683 |
WTPT : | 0.9642028 1. 0.8249054 |
CICP : CP: 12 TF: 16 MC: 0 FR: 1
252 random bytes transformed to 84 linear XYZD50 pixels:
     0.02  0.04  0.01     0.35  0.68  0.04     0.03  0.06  0.00     0.00  0.00  0.01
     0.01  0.00  0.03     0.12  0.06  0.00     0.09  0.21  0.01     0.29  0.13  0.01
     0.00  0.00  0.00     0.24  0.11  0.00     0.39  0.27  0.01     0.03  0.04  0.00
     0.01  0.02  0.01     0.07  0.03  0.27     0.33  0.19  0.30     0.06  0.07  0.22
     0.09  0.10  0.03     0.02  0.03  0.00     0.02  0.01  0.05     0.37  0.19  0.00
     0.44  0.20  0.37     0.46  0.22  0.00     0.00  0.00  0.02     0.59  0.83  0.08
     0.37  0.17  0.28     0.19  0.38  0.02     0.03  0.01  0.16     0.04  0.09  0.02
     0.02  0.02  0.01     0.01  0.01  0.02     0.01  0.00  0.03     0.13  0.12  0.03
     0.30  0.67  0.10     0.42  0.20  0.11     0.05  0.13  0.01     0.09  0.14  0.16
     0.01  0.02  0.00     0.17  0.08 -0.00     0.12  0.29  0.02     0.00  0.00  0.00
     0.02  0.01  0.09     0.01  0.01  0.04     0.04  0.01  0.17     0.01  0.01  0.00
     0.04  0.07  0.10     0.00  0.00  0.00     0.01  0.01  0.00     0.08  0.04  0.00
     0.27  0.13  0.23     0.48  0.32  0.04     0.51  0.24  0.63     0.15  0.07  0.00
     0.04  0.09  0.01     0.08  0.19  0.02     0.00  0.00  0.00     0.25  0.60  0.04
     0.06  0.14  0.01     0.23  0.12  0.00     0.01  0.00  0.01     0.02  0.01  0.00
     0.00  0.00  0.01     0.00  0.00  0.00     0.03  0.02  0.00     0.06  0.04  0.08
     0.06  0.03  0.07     0.03  0.07  0.00     0.08  0.04  0.06     0.02  0.01  0.01
     0.01  0.01  0.04     0.06  0.06  0.20     0.01  0.02  0.00     0.04  0.02  0.19
     0.00  0.00  0.01     0.19  0.09 -0.00     0.12  0.28  0.02     0.00  0.00  0.00
     0.09  0.06  0.40     0.19  0.44  0.03     0.04  0.02  0.01     0.01  0.02  0.01
     0.12  0.06  0.00     0.10  0.22  0.02     0.08  0.04  0.00     0.05  0.05  0.17
40 max error transforming back from XYZ:
      8   6   4   8   1  34   2   7  23  12  37   1  12  34   5   8   6   6   3   7  14
      5  29   3   8  21  18   6  13   7   3   8   1   2   6  12  29   3   5   2  25   7
      5   6   6  27   7   7   8   8   4   4   5  18   3   8   7   3   4  12   3  23   5
      1  27  10  14   6   2   4   0   5   4  10   7   6   5  13  17   6   8  22   8   1
      3   1   4   0  12   2   9   9   4   8   8   4   1   0   7   2  24   8  32   8   5
      1   8   8   8   4  18   7   9  38   5   6   8  35  26  28   4  30   8  27   6   6
     30  11   8   4   9  11  30   7   8  37  26  11  22   0  30   8  20  19   6   1   7
      2   8   5   3   1   2   7  22  10   7   8   7  28   7   2   7  33  19  33   1  31
     14   8  15   6   1  40   6  25   5   3  11  26   2  33   0   3   0  10   6  16  11
      7   3   8   7  15   7  24   8   7   8   7   7   4   1   5  19   5   5   2   6   8
     23   3  20  12  16   8  25  36   0   6   5  36  15   6   4   2  13  21  17   5   5
     17   4  32   7  24   3   9   2   0   8  16   8  35   7   2   8  20  14  13   6   8
81 edge-case pixels transformed to sRGB 8888 (unpremul):
	00000000 0000001b 000000ff  00001900 00001818 000000ff  0000ff00 0000ff00 0000ffff
	00190000 0019001b 000000ff  00181900 00181818 000000ff  0000ff00 0000ff00 0000ffff
	00ff0000 00ff001b 00ff00ff  00ff1900 00ff1818 00ff00ff  00ffff00 00ffff00 00ffffff
	7f000000 7f00001b 7f0000ff  7f001900 7f001818 7f0000ff  7f00ff00 7f00ff00 7f00ffff
	7f190000 7f19001b 7f0000ff  7f181900 7f181818 7f0000ff  7f00ff00 7f00ff00 7f00ffff
	7fff0000 7fff001b 7fff00ff  7fff1900 7fff1818 7fff00ff  7fffff00 7fffff00 7fffffff
	ff000000 ff00001b ff0000ff  ff001900 ff001818 ff0000ff  ff00ff00 ff00ff00 ff00ffff
	ff190000 ff19001b ff0000ff  ff181900 ff181818 ff0000ff  ff00ff00 ff00ff00 ff00ffff
	ffff0000 ffff001b ffff00ff  ffff1900 ffff1818 ffff00ff  ffffff00 ffffff00 ffffffff
