                Size : 0x00002204 : 8708
    Data color space : 0x52474220 : 'RGB '
                 PCS : 0x58595A20 : 'XYZ '
 Input Channel Count :            : 3
           Tag count : 0x0000000B : 11

 Tag    : Type   : Size   : Offset
 ------ : ------ : ------ : --------
 'desc' : 'mluc' :     68 : 264
 'cprt' : 'mluc' :     36 : 332
 'wtpt' : 'XYZ ' :     20 : 368
 'chad' : 'sf32' :     44 : 388
 'cicp' : 'cicp' :     12 : 432
 'rXYZ' : 'XYZ ' :     20 : 444
 'gXYZ' : 'XYZ ' :     20 : 464
 'bXYZ' : 'XYZ ' :     20 : 484
 'rTRC' : 'curv' :   8204 : 504
 'gTRC' : 'curv' :   8204 : 504
 'bTRC' : 'curv' :   8204 : 504

rTRC : 16-bit table with 4096 entries
  ~= : 3.924072, 1, -1.443923e-05, 0.05090687, 0.1528694, 0.007171631, 0 (Max error: 0.0850576) (D-gap: 1.89622e-05) (f(1) = 1.00711)
gTRC : 16-bit table with 4096 entries
  ~= : 3.924072, 1, -1.443923e-05, 0.05090687, 0.1528694, 0.007171631, 0 (Max error: 0.0850576) (D-gap: 1.89622e-05) (f(1) = 1.00711)
bTRC : 16-bit table with 4096 entries
  ~= : 3.924072, 1, -1.443923e-05, 0.05090687, 0.1528694, 0.007171631, 0 (Max error: 0.0850576) (D-gap: 1.89622e-05) (f(1) = 1.00711)
Best : 3.924072, 1, -1.443923e-05, 0.05090687, 0.1528694, 0.007171631, 0 (D-gap: 1.89622e-05) (f(1) = 1.00711)
Inv  : 0.2548373, 1, -0.007171631, 19.64371, 0.007782101, 7.629395e-06, -0 (D-gap: -0.00120844) (f(1) = 0.998177)
Best Error: | 0.0850576 0.0850576 0.0850576 |
 XYZ : | 0.6734619 0.16566467 0.12510681 |
       | 0.27903747 0.67533874 0.04562377 |
       | -0.0019226074 0.02998352 0.7971649 |
CHAD : | 1.0478515 0.022903442 -0.05014038 |
       | 0.029571533 0.9904785 -0.017044067 |
       | -0.009231567 0.015060424 0.7519683 |
WTPT : | 0.9642028 1. 0.8249054 |
CICP : CP: 9 TF: 18 MC: 0 FR: 1
252 random bytes transformed to 84 linear XYZD50 pixels:
     0.05  0.14  0.07     0.39  0.74  0.03     0.10  0.18  0.03     0.05  0.02  0.08
     0.06  0.03  0.14     0.30  0.17  0.00     0.09  0.34  0.05     0.49  0.21  0.07
     0.05  0.04  0.03     0.45  0.21  0.06     0.59  0.46  0.01     0.12  0.16  0.01
     0.04  0.10  0.07     0.16  0.07  0.43     0.56  0.35  0.46     0.11  0.17  0.39
     0.24  0.27  0.12     0.09  0.14  0.03     0.09  0.04  0.17     0.57  0.33  0.01
     0.64  0.28  0.52     0.64  0.28  0.05     0.02  0.01  0.10     0.68  0.89  0.17
     0.58  0.24  0.44     0.26  0.53  0.06     0.07  0.03  0.32     0.08  0.23  0.10
     0.12  0.12  0.07     0.10  0.07  0.10     0.06  0.03  0.13     0.32  0.30  0.13
     0.26  0.70  0.21     0.62  0.27  0.26     0.07  0.26  0.01     0.19  0.30  0.32
     0.07  0.12  0.03     0.36  0.15  0.00     0.11  0.41  0.07     0.01  0.01  0.01
     0.04  0.02  0.24     0.05  0.06  0.15     0.06  0.02  0.34     0.07  0.07  0.00
     0.09  0.18  0.24     0.01  0.02  0.04     0.04  0.08  0.01     0.24  0.12  0.03
     0.49  0.26  0.40     0.68  0.50  0.14     0.69  0.34  0.70     0.34  0.16  0.05
     0.06  0.21  0.07     0.10  0.32  0.09     0.05  0.03  0.03     0.16  0.62  0.04
     0.10  0.29  0.05     0.44  0.25  0.01     0.06  0.04  0.06     0.11  0.08  0.02
     0.02  0.01  0.09     0.01  0.00  0.05     0.15  0.08  0.04     0.21  0.17  0.22
     0.21  0.11  0.20     0.06  0.18  0.01     0.23  0.10  0.19     0.11  0.04  0.06
     0.06  0.07  0.14     0.15  0.17  0.37     0.04  0.10  0.03     0.10  0.06  0.36
     0.03  0.01  0.08     0.38  0.16  0.00     0.13  0.41  0.02     0.00  0.00  0.02
     0.14  0.15  0.55     0.15  0.53  0.03     0.17  0.08  0.07     0.08  0.10  0.09
     0.31  0.15  0.05     0.10  0.36  0.09     0.23  0.11  0.04     0.12  0.16  0.33
0 max error transforming back from XYZ:
      0   0   0   0   0   0   0   0   0   0   0   0   0   0   0   0   0   0   0   0   0
      0   0   0   0   0   0   0   0   0   0   0   0   0   0   0   0   0   0   0   0   0
      0   0   0   0   0   0   0   0   0   0   0   0   0   0   0   0   0   0   0   0   0
      0   0   0   0   0   0   0   0   0   0   0   0   0   0   0   0   0   0   0   0   0
      0   0   0   0   0   0   0   0   0   0   0   0   0   0   0   0   0   0   0   0   0
      0   0   0   0   0   0   0   0   0   0   0   0   0   0   0   0   0   0   0   0   0
      0   0   0   0   0   0   0   0   0   0   0   0   0   0   0   0   0   0   0   0   0
      0   0   0   0   0   0   0   0   0   0   0   0   0   0   0   0   0   0   0   0   0
      0   0   0   0   0   0   0   0   0   0   0   0   0   0   0   0   0   0   0   0   0
      0   0   0   0   0   0   0   0   0   0   0   0   0   0   0   0   0   0   0   0   0
      0   0   0   0   0   0   0   0   0   0   0   0   0   0   0   0   0   0   0   0   0
      0   0   0   0   0   0   0   0   0   0   0   0   0   0   0   0   0   0   0   0   0
81 edge-case pixels transformed to sRGB 8888 (unpremul):
	00000000 00000068 000000ff  00005600 00005254 000000ff  0000ff00 0000ff00 0000ffff
	00560000 00550065 004d00ff  00525600 00515151 004900ff  0000ff00 0000ff00 0000ffff
	00ff0000 00ff0048 00ff00ff  00ff5200 00ff4d22 00ff00ff  00ffff00 00ffff00 00ffffff
	7f000000 7f000068 7f0000ff  7f005600 7f005254 7f0000ff  7f00ff00 7f00ff00 7f00ffff
	7f560000 7f550065 7f4d00ff  7f525600 7f515151 7f4900ff  7f00ff00 7f00ff00 7f00ffff
	7fff0000 7fff0048 7fff00ff  7fff5200 7fff4d22 7fff00ff  7fffff00 7fffff00 7fffffff
	ff000000 ff000068 ff0000ff  ff005600 ff005254 ff0000ff  ff00ff00 ff00ff00 ff00ffff
	ff560000 ff550065 ff4d00ff  ff525600 ff515151 ff4900ff  ff00ff00 ff00ff00 ff00ffff
	ffff0000 ffff0048 ffff00ff  ffff5200 ffff4d22 ffff00ff  ffffff00 ffffff00 ffffffff
