                Size : 0x00002204 : 8708
    Data color space : 0x52474220 : 'RGB '
                 PCS : 0x58595A20 : 'XYZ '
 Input Channel Count :            : 3
           Tag count : 0x0000000B : 11

 Tag    : Type   : Size   : Offset
 ------ : ------ : ------ : --------
 'desc' : 'mluc' :     68 : 264
 'cprt' : 'mluc' :     36 : 332
 'wtpt' : 'XYZ ' :     20 : 368
 'chad' : 'sf32' :     44 : 388
 'cicp' : 'cicp' :     12 : 432
 'rXYZ' : 'XYZ ' :     20 : 444
 'gXYZ' : 'XYZ ' :     20 : 464
 'bXYZ' : 'XYZ ' :     20 : 484
 'rTRC' : 'curv' :   8204 : 504
 'gTRC' : 'curv' :   8204 : 504
 'bTRC' : 'curv' :   8204 : 504

rTRC : 16-bit table with 4096 entries
  ~= : 7.06504, 1, -1.122057e-05, 0.0003810142, 0.1201465, -3.814697e-05, 0 (Max error: 0.150819) (D-gap: -8.361e-05) (f(1) = 0.999878)
gTRC : 16-bit table with 4096 entries
  ~= : 7.06504, 1, -1.122057e-05, 0.0003810142, 0.1201465, -3.814697e-05, 0 (Max error: 0.150819) (D-gap: -8.361e-05) (f(1) = 0.999878)
bTRC : 16-bit table with 4096 entries
  ~= : 7.06504, 1, -1.122057e-05, 0.0003810142, 0.1201465, -3.814697e-05, 0 (Max error: 0.150819) (D-gap: -8.361e-05) (f(1) = 0.999878)
Best : 7.06504, 1, -1.122057e-05, 0.0003810142, 0.1201465, -3.814697e-05, 0 (D-gap: -8.361e-05) (f(1) = 0.999878)
Inv  : 0.141542, 1, 3.814697e-05, 2624.574, 4.577753e-05, 0, -0 (D-gap: 0.144727) (f(1) = 1.00001)
Best Error: | 0.150819 0.150819 0.150819 |
 XYZ : | 0.6734619 0.16566467 0.12510681 |
       | 0.27903747 0.67533874 0.04562377 |
       | -0.0019226074 0.02998352 0.7971649 |
CHAD : | 1.0478515 0.022903442 -0.05014038 |
       | 0.029571533 0.9904785 -0.017044067 |
       | -0.009231567 0.015060424 0.7519683 |
WTPT : | 0.9642028 1. 0.8249054 |
CICP : CP: 9 TF: 16 MC: 0 FR: 1
252 random bytes transformed to 84 linear XYZD50 pixels:
     0.01  0.04  0.01     0.26  0.67  0.03     0.02  0.05  0.00     0.00  0.00  0.01
     0.01  0.00  0.04     0.16  0.07 -0.00     0.05  0.21  0.01     0.37  0.15  0.01
     0.00  0.00  0.00     0.31  0.13  0.00     0.47  0.29  0.00     0.03  0.04  0.00
     0.01  0.02  0.01     0.06  0.02  0.27     0.39  0.20  0.31     0.05  0.06  0.22
     0.09  0.10  0.03     0.01  0.03  0.00     0.02  0.01  0.05     0.47  0.22 -0.00
     0.54  0.22  0.38     0.60  0.25  0.00     0.00  0.00  0.02     0.56  0.84  0.07
     0.46  0.19  0.28     0.13  0.38  0.02     0.03  0.01  0.16     0.03  0.09  0.02
     0.02  0.02  0.01     0.02  0.01  0.02     0.01  0.00  0.03     0.14  0.13  0.03
     0.18  0.66  0.09     0.54  0.22  0.11     0.03  0.13  0.01     0.07  0.13  0.16
     0.01  0.02  0.00     0.22  0.09 -0.00     0.07  0.28  0.02     0.00  0.00  0.00
     0.02  0.01  0.10     0.01  0.01  0.04     0.03  0.01  0.18     0.01  0.01  0.00
     0.03  0.06  0.10     0.00  0.00  0.00     0.00  0.01  0.00     0.10  0.04  0.00
     0.33  0.14  0.24     0.59  0.35  0.03     0.60  0.25  0.64     0.19  0.08  0.00
     0.02  0.09  0.01     0.05  0.18  0.02     0.00  0.00  0.00     0.14  0.58  0.03
     0.04  0.14  0.01     0.30  0.14 -0.00     0.01  0.00  0.01     0.02  0.01  0.00
     0.00  0.00  0.01     0.00  0.00  0.00     0.04  0.02  0.00     0.07  0.04  0.08
     0.07  0.03  0.07     0.02  0.06  0.00     0.09  0.04  0.06     0.02  0.01  0.01
     0.01  0.01  0.04     0.05  0.05  0.21     0.01  0.02  0.00     0.03  0.01  0.20
     0.00  0.00  0.01     0.25  0.10 -0.00     0.07  0.27  0.01     0.00  0.00  0.00
     0.07  0.05  0.41     0.11  0.43  0.02     0.05  0.02  0.01     0.01  0.02  0.01
     0.16  0.07  0.00     0.05  0.22  0.02     0.10  0.04  0.00     0.04  0.05  0.17
39 max error transforming back from XYZ:
      8   6   4   8   1  34   2   7  23  12  37   1  12  34   5   8   6   6   3   7  14
      5  29   3   8  21  18   6  13   7   3   8   1   2   6  12  29   3   5   2  25   7
      5   6   6  27   7   7   8   8   4   4   5  18   3   8   7   3   4  12   3  23   5
      1  27  10  14   6   2   4   0   5   4  10   7   6   5  13  17   6   8  22   8   1
      3   1   4   0  12   2   9   9   4   8   8   4   1   0   7   2  24   8  32   8   5
      1   8   8   8   4  18   7   9  38   5   6   8  35  26  28   4  30   8  27   6   6
     30  11   8   4   9  11  30   7   8  37  26  11  22   0  30   8  20  19   6   1   7
      2   8   5   3   1   2   7  22  10   7   8   7  28   7   2   7  33  19  33   1  31
     14   8  15   6   1   3   6  25   5   3  11  26  39  33   0   3   0  10   6  16  11
      7   3   8   7  15   7  24   8   7   8   7   7   4   1   5  19   5   5   2   6   8
     23   3  20  12  16   8  25  36   0   6   5  36  15   6   4   2  13  21  17   5   5
     17   4  32   7  24   3   9   2   0   8  16   8  35   7   2   8  20  14  13   6   8
81 edge-case pixels transformed to sRGB 8888 (unpremul):
	00000000 00000021 000000ff  00001a00 00001819 000000ff  0000ff00 0000ff00 0000ffff
	001a0000 00190020 000000ff  00181a00 00181818 000000ff  0000ff00 0000ff00 0000ffff
	00ff0000 00ff0000 00ff00ff  00ff0600 00ff0300 00ff00ff  00ffff00 00ffff00 00ffffff
	7f000000 7f000021 7f0000ff  7f001a00 7f001819 7f0000ff  7f00ff00 7f00ff00 7f00ffff
	7f1a0000 7f190020 7f0000ff  7f181a00 7f181818 7f0000ff  7f00ff00 7f00ff00 7f00ffff
	7fff0000 7fff0000 7fff00ff  7fff0600 7fff0300 7fff00ff  7fffff00 7fffff00 7fffffff
	ff000000 ff000021 ff0000ff  ff001a00 ff001819 ff0000ff  ff00ff00 ff00ff00 ff00ffff
	ff1a0000 ff190020 ff0000ff  ff181a00 ff181818 ff0000ff  ff00ff00 ff00ff00 ff00ffff
	ffff0000 ffff0000 ffff00ff  ffff0600 ffff0300 ffff00ff  ffffff00 ffffff00 ffffffff
