                Size : 0x00000964 : 2404
    Data color space : 0x52474220 : 'RGB '
                 PCS : 0x58595A20 : 'XYZ '
           Tag count : 0x0000000D : 13

 Tag    : Type   : Size   : Offset
 ------ : ------ : ------ : --------
 'cprt' : 'text' :     56 : 288
 'desc' : 'desc' :    128 : 344
 'dmnd' : 'desc' :    122 : 472
 'dmdd' : 'desc' :     98 : 596
 'rXYZ' : 'XYZ ' :     20 : 696
 'gXYZ' : 'XYZ ' :     20 : 716
 'bXYZ' : 'XYZ ' :     20 : 736
 'wtpt' : 'XYZ ' :     20 : 756
 'rTRC' : 'curv' :    524 : 776
 'gTRC' : 'curv' :    524 : 1300
 'bTRC' : 'curv' :    524 : 1824
 'calt' : 'dtim' :     20 : 2348
 'view' : 'view' :     36 : 2368

rTRC : 16-bit table with 256 entries
  ~= : 2.200056, 1, -7.76723e-07, 0.00389105, 0.01176471, 0, 0 (Max error: 0.00392157) (D-gap: 1.11191e-05) (f(1) = 1.00002)
gTRC : 16-bit table with 256 entries
  ~= : 2.200056, 1, -7.76723e-07, 0.00389105, 0.01176471, 0, 0 (Max error: 0.00392157) (D-gap: 1.11191e-05) (f(1) = 1.00002)
bTRC : 16-bit table with 256 entries
  ~= : 2.200056, 1, -7.76723e-07, 0.00389105, 0.01176471, 0, 0 (Max error: 0.00392157) (D-gap: 1.11191e-05) (f(1) = 1.00002)
Best : 2.200056, 1, -7.76723e-07, 0.00389105, 0.01176471, 0, 0 (D-gap: 1.11191e-05) (f(1) = 1.00002)
Inv  : 0.4545339, 1, -0, 257, 4.577707e-05, 0, -0 (D-gap: -0.00110817) (f(1) = 1)
Best Error: | 0.00392157 0.00392157 0.00392157 |
 XYZ : | 0.45872497 0.32295227 0.16848754 |
       | 0.2328949 0.6973877 0.06971740 |
       | 0.01411438 0.14978027 0.9237670 |
 !!! This does not appear to use a D50 whitepoint, rather [0.950165 1 1.08766]
WTPT : | 0.9501647 1. 1.0876464 |
252 random bytes transformed to 84 linear XYZD50 pixels:
  0.1854667 0.33556598 0.2715480 | 0.6007238 0.8290073 0.1698568
  0.2780899 0.40050303 0.12690341 | 0.108098223 0.056325838 0.24271231
  0.13055828 0.06844607 0.37785807 | 0.37664932 0.2908628 0.043778702
  0.25965705 0.52717 0.21673981 | 0.44711357 0.23941563 0.23374517
  0.11279659 0.09107082 0.08635114 | 0.44799223 0.28825935 0.1928295
  0.6176365 0.6434493 0.113805674 | 0.28899356 0.373886 0.06954383
  0.16081027 0.2672088 0.2358472 | 0.29216784 0.15913017 0.7193108
  0.6663044 0.56767594 0.8089544 | 0.289389 0.38642957 0.73852145
  0.4803032 0.5304821 0.420858 | 0.2401028 0.3335835 0.13892881
  0.18520855 0.08823949 0.43300026 | 0.5414944 0.47413346 0.07308383
  0.5828316 0.3127501 0.7933127 | 0.4843356 0.26325374 0.15883028
  0.054833516 0.02290776 0.2960175 | 0.7943441 0.9301446 0.5456221
  0.5404759 0.26411867 0.7283244 | 0.502555 0.7115997 0.24268418
  0.15271298 0.06830573 0.6105632 | 0.26759088 0.44357043 0.3718414
  0.28446286 0.29740896 0.24795076 | 0.22686676 0.17820605 0.3148603
  0.13643488 0.06495358 0.35717827 | 0.5358097 0.56167513 0.44182851
  0.51732713 0.7839382 0.5919597 | 0.546717 0.29367074 0.5676984
  0.21860311 0.45533365 0.09715601 | 0.45056721 0.55557 0.70150363
  0.20983448 0.3018045 0.13573655 | 0.35013946 0.17794637 0.01976142
  0.2899478 0.5736277 0.28074556 | 0.024296205 0.03235589 0.035099536
  0.10659472 0.059303976 0.52764016 | 0.14868366 0.17042258 0.41746524
  0.12753374 0.056178003 0.6291514 | 0.15441297 0.16395896 0.02809773
  0.2703898 0.3980138 0.5938605 | 0.04176038 0.04115521 0.13209527
  0.12347856 0.21403609 0.06582129 | 0.3140695 0.19649031 0.09139229
  0.5831441 0.42701023 0.73250407 | 0.7066456 0.6861767 0.46643394
  0.6725332 0.46681195 0.9291932 | 0.37924715 0.22327224 0.15348453
  0.22078901 0.41838404 0.25330483 | 0.28772103 0.52381753 0.33561167
  0.10246762 0.05988093 0.075260765 | 0.32402586 0.6793265 0.16625255
  0.28286862 0.49724832 0.19935354 | 0.47500732 0.40219378 0.063970394
  0.13775526 0.09137047 0.1954032 | 0.21260473 0.1830379 0.063076794
  0.057136565 0.03466074 0.261706 | 0.0272386 0.011487171 0.13678588
  0.25663822 0.17817013 0.14871597 | 0.42191565 0.38658374 0.55809623
  0.35616397 0.22668133 0.49485695 | 0.19214947 0.37672418 0.0814793
  0.34719404 0.16856189 0.4695698 | 0.20127809 0.09894985 0.19422681
  0.17019870 0.19106246 0.41081863 | 0.3681888 0.40580207 0.7222731
  0.14674314 0.2569358 0.11482930 | 0.20979833 0.14805798 0.6643354
  0.069779865 0.037063807 0.25315743 | 0.36268624 0.18715095 0.023622095
  0.30491438 0.57989096 0.12092153 | 0.0112170334 0.005442102 0.05916133
  0.31266936 0.35548424 0.84666436 | 0.33385068 0.6489172 0.15528975
  0.28121036 0.16644403 0.2244392 | 0.21911382 0.27286925 0.30362337
  0.37704452 0.24018052 0.17537653 | 0.29125914 0.5449792 0.34451445
  0.31601333 0.1958685 0.12171064 | 0.31042236 0.3799538 0.6888833
1 max error transforming back from XYZ:
      0   0   0   0   0   0   0   0   0   0   0   0   0   0   0   0   0   0   0   0   0
      0   0   0   0   0   0   0   0   0   0   0   0   0   0   0   0   0   0   0   0   0
      0   0   0   0   0   0   0   0   0   0   0   0   0   0   0   0   0   0   0   0   0
      0   0   0   0   0   0   0   0   0   0   0   0   0   0   0   0   0   0   0   0   0
      0   0   0   0   0   0   0   0   0   0   0   0   0   0   0   0   0   0   0   0   0
      0   0   0   0   0   0   0   0   0   0   0   0   0   0   0   0   0   0   0   0   0
      0   0   0   0   0   0   0   0   0   0   0   0   0   0   0   0   0   0   0   0   0
      0   0   0   0   0   0   0   0   0   0   0   0   0   0   0   0   0   0   0   0   0
      0   0   0   0   0   0   0   0   0   0   0   0   0   0   0   0   0   0   0   0   0
      0   0   0   0   0   0   0   0   0   0   0   0   0   1   0   0   0   0   0   0   0
      0   0   0   0   0   0   0   0   0   0   0   0   0   0   0   1   0   0   0   0   0
      0   0   0   0   0   0   0   0   0   0   0   0   0   0   0   0   0   0   0   0   0
81 edge-case pixels transformed to sRGB 8888 (unpremul):
	00000000 00000083 000000ff  00228100 00228178 002181ff  004dff00 004dff37 004dffef
	00900000 00900081 009000ff  00948100 00948175 009481ff  00a0ff00 00a0ff30 00a0ffee
	00ff0000 00ff0079 00ff00ff  00ff8100 00ff816c 00ff81fc  00ffff00 00ffff01 00ffffeb
	7f000000 7f000083 7f0000ff  7f228100 7f228178 7f2181ff  7f4dff00 7f4dff37 7f4dffef
	7f900000 7f900081 7f9000ff  7f948100 7f948175 7f9481ff  7fa0ff00 7fa0ff30 7fa0ffee
	7fff0000 7fff0079 7fff00ff  7fff8100 7fff816c 7fff81fc  7fffff00 7fffff01 7fffffeb
	ff000000 ff000083 ff0000ff  ff228100 ff228178 ff2181ff  ff4dff00 ff4dff37 ff4dffef
	ff900000 ff900081 ff9000ff  ff948100 ff948175 ff9481ff  ffa0ff00 ffa0ff30 ffa0ffee
	ffff0000 ffff0079 ffff00ff  ffff8100 ffff816c ffff81fc  ffffff00 ffffff01 ffffffeb
