                Size : 0x000007D4 : 2004
    Data color space : 0x52474220 : 'RGB '
                 PCS : 0x58595A20 : 'XYZ '
           Tag count : 0x00000009 : 9

 Tag    : Type   : Size   : Offset
 ------ : ------ : ------ : --------
 'desc' : 'mluc' :     52 : 240
 'rXYZ' : 'XYZ ' :     20 : 292
 'gXYZ' : 'XYZ ' :     20 : 312
 'bXYZ' : 'XYZ ' :     20 : 332
 'rTRC' : 'curv' :    524 : 352
 'gTRC' : 'curv' :    524 : 876
 'bTRC' : 'curv' :    524 : 1400
 'wtpt' : 'XYZ ' :     20 : 1924
 'cprt' : 'mluc' :     60 : 1944

rTRC : 16-bit table with 256 entries
  ~= : 2.231967, 1.004677, -0.00411076, 0.01206226, 0.03921569, -9.918213e-05, 0 (Max error: 0.00580043) (D-gap: 9.16654e-07) (f(1) = 1.00115)
gTRC : 16-bit table with 256 entries
  ~= : 2.198234, 1.010315, -0.008928984, 0.009727627, 0.02352941, 0.000164032, 0 (Max error: 0.00394905) (D-gap: 3.07562e-05) (f(1) = 1.00321)
bTRC : 16-bit table with 256 entries
  ~= : 2.261967, 1.004639, -0.00400671, 0.0077821, 0.01960785, 8.010864e-05, 0 (Max error: 0.00375134) (D-gap: 1.04425e-05) (f(1) = 1.0015)
Best : 2.231967, 1.004677, -0.00411076, 0.01206226, 0.03921569, -9.918213e-05, 0 (D-gap: 9.16654e-07) (f(1) = 1.00115)
Inv  : 0.4480354, 0.989666, 9.815718e-05, 82.90323, 0.0004730297, 0.004089355, -0 (D-gap: -3.39784e-05) (f(1) = 0.999481)
Best Error: | 0.00580043 0.00582463 0.00695762 |
 XYZ : |  0.4492797       0.38258361      0.13233947     |
       |  0.22447204      0.7223510       0.05317688     |
       |  0.0011291503    0.05355835      0.7702179      |
WTPT : |  0.9642028       1.              0.8249054      |
252 random bytes transformed to 84 linear XYZD50 pixels:
   0.20229977      0.34070003      0.18510501     |  0.65114426      0.84870713      0.06323722    
   0.29711374      0.4050115       0.06392336     |  0.09320280      0.048218134     0.1907919     
   0.11073545      0.057971984     0.30169957     |  0.3776589       0.28659254      0.014726338   
   0.298008        0.541348        0.12284935     |  0.43177056      0.22780440      0.17450678    
   0.10685458      0.08611586      0.06061562     |  0.440122        0.2803074       0.13702172    
   0.64645296      0.65011394      0.03968709     |  0.30589577      0.37792313      0.023761991   
   0.1711695       0.26921981      0.16342692     |  0.25820514      0.14074824      0.59068024    
   0.6569278       0.55743545      0.6319961      |  0.2882978       0.38298124      0.57719695    
   0.4884420       0.5284621       0.29469415     |  0.25346002      0.3364919       0.080216854   
   0.1609025       0.07577037      0.34914007     |  0.5557237       0.47449332      0.0236637     
   0.5484160       0.29187226      0.64808726     |  0.4710750       0.25199794      0.114172935   
   0.041156493     0.016709294     0.23656135     |  0.8308808       0.9411333       0.36391967    
   0.50577795      0.24430868      0.5955339      |  0.5456463       0.7325844       0.1322037     
   0.12582421      0.055351782     0.5027518      |  0.28732997      0.44938966      0.25758242    
   0.28338843      0.29236587      0.173758       |  0.21405756      0.17006485      0.24019084    
   0.11574721      0.054463714     0.2845720      |  0.54315376      0.5589203       0.31046181    
   0.5520508       0.79719686      0.4109007      |  0.5184381       0.2756663       0.4501416     
   0.25508076      0.46898183      0.034575913    |  0.45580753      0.5537375       0.53109723    
   0.2215862       0.3038485       0.08019941     |  0.34089717      0.17046982      0.00699044    
   0.33151161      0.5926839       0.17067463     |  0.023080777     0.030436411     0.0230403     
   0.08429165      0.048025235     0.42663052     |  0.14102777      0.16492877      0.32382318    
   0.10104773      0.04355865      0.5190334      |  0.157434        0.16295513      0.009318903   
   0.27575641      0.3970884       0.44711884     |  0.036697514     0.037468552     0.10218489    
   0.13607218      0.21637421      0.0310146      |  0.30548572      0.18859490      0.05977623    
   0.5625695       0.41102537      0.57874435     |  0.7192705       0.68530416      0.3227427     
   0.64539545      0.44733095      0.74761593     |  0.36697417      0.21318483      0.11072304    
   0.24566291      0.42664381      0.16304291     |  0.3173998       0.5335878       0.21905039    
   0.093822114     0.054135184     0.054766207    |  0.381273        0.7059755       0.06720177    
   0.31387504      0.50781834      0.11280658     |  0.48382782      0.39992243      0.021715384   
   0.1254373       0.08348537      0.14977273     |  0.2106812       0.1795004       0.03498018    
   0.045014087     0.02816718      0.20719051     |  0.02033264      0.008327669     0.108964      
   0.24891193      0.17147257      0.10768876     |  0.41206067      0.3773665       0.42419776    
   0.33334955      0.21287629      0.3892137      |  0.22043764      0.38590455      0.029400613   
   0.31909877      0.15328694      0.37538078     |  0.1847599       0.089808955     0.15024910    
   0.16305916      0.18514408      0.31610602     |  0.36070573      0.39907598      0.56407046    
   0.1615098       0.2607893       0.065812945    |  0.18486273      0.1348055       0.54059493    
   0.05741453      0.030540958     0.20032420     |  0.35374113      0.1793098       0.009239513   
   0.35059514      0.59973794      0.043002307    |  0.008109256     0.003869860     0.04463557    
   0.30237895      0.3480514       0.6775233      |  0.3881391       0.67679774      0.062507644   
   0.26630443      0.15616403      0.16944073     |  0.21963194      0.26950508      0.21961566    
   0.36636754      0.23114925      0.12620383     |  0.32347834      0.5565378       0.22408507    
   0.306132        0.18739892      0.08540952     |  0.3068060       0.37546005      0.53682184    
1 max error transforming back from XYZ:
      0   0   0   0   0   0   0   0   0   0   0   0   0   0   1   0   0   0   0   0   1
      1   0   0   1   0   0   0   1   0   1   0   0   1   0   0   1   0   0   1   0   0
      1   0   0   1   0   0   0   0   1   1   0   0   0   0   0   1   0   0   1   0   1
      0   0   1   1   0   0   1   0   0   1   0   0   0   1   1   1   0   0   1   0   0
      1   0   0   0   1   0   1   0   1   0   0   1   0   0   0   0   0   1   0   0   0
      1   0   0   1   0   0   0   0   0   1   0   1   0   0   0   1   0   1   1   0   0
      1   0   0   0   0   0   1   0   1   1   0   1   1   0   0   0   0   0   0   0   0
      0   0   1   0   0   0   0   0   1   1   0   0   1   1   0   1   0   0   0   0   0
      0   0   1   0   0   0   1   0   0   1   1   0   1   0   0   1   0   1   0   0   1
      0   0   1   0   0   1   1   0   0   0   1   0   1   0   0   1   0   0   0   0   0
      1   0   0   0   0   0   1   0   0   0   0   0   0   0   0   0   0   0   1   0   1
      1   1   0   0   0   0   1   0   0   0   0   1   0   0   0   0   0   1   0   0   0
81 edge-case pixels transformed to sRGB 8888 (unpremul):
	00000000 00000080 000000ff  00008003 00007f80 00007dff  0000ff0e 0000ff81 0000ffff
	00820000 0081007d 007d00ff  007e7f00 007d7f7e 00797dff  006fff00 006eff7f 0069ffff
	00ff0000 00ff0072 00ff00fe  00ff7f00 00ff7f72 00ff7cff  00ffff00 00ffff73 00ffffff
	7f000000 7f000080 7f0000ff  7f008003 7f007f80 7f007dff  7f00ff0e 7f00ff81 7f00ffff
	7f820000 7f81007d 7f7d00ff  7f7e7f00 7f7d7f7e 7f797dff  7f6fff00 7f6eff7f 7f69ffff
	7fff0000 7fff0072 7fff00fe  7fff7f00 7fff7f72 7fff7cff  7fffff00 7fffff73 7fffffff
	ff000000 ff000080 ff0000ff  ff008003 ff007f80 ff007dff  ff00ff0e ff00ff81 ff00ffff
	ff820000 ff81007d ff7d00ff  ff7e7f00 ff7d7f7e ff797dff  ff6fff00 ff6eff7f ff69ffff
	ffff0000 ffff0072 ffff00fe  ffff7f00 ffff7f72 ffff7cff  ffffff00 ffffff73 ffffffff
