                Size : 0x000027A4 : 10148
    Data color space : 0x52474220 : 'RGB '
                 PCS : 0x58595A20 : 'XYZ '
           Tag count : 0x0000000A : 10

 Tag    : Type   : Size   : Offset
 ------ : ------ : ------ : --------
 'desc' : 'desc' :    352 : 252
 'cprt' : 'text' :     49 : 604
 'wtpt' : 'XYZ ' :     20 : 656
 'rXYZ' : 'XYZ ' :     20 : 676
 'gXYZ' : 'XYZ ' :     20 : 696
 'bXYZ' : 'XYZ ' :     20 : 716
 'rTRC' : 'curv' :    524 : 736
 'gTRC' : 'curv' :    524 : 1260
 'bTRC' : 'curv' :    524 : 1784
 'MS00' : 'MS10' :   7838 : 2308

rTRC : 16-bit table with 256 entries
  ~= : 2.41034, 0.9454765, 0.05625459, 0.0774319, 0.03921569, -4.577637e-05, 0 (Max error: 0.00262654) (D-gap: 0.000209285) (f(1) = 1.00411)
gTRC : 16-bit table with 256 entries
  ~= : 2.41034, 0.9454765, 0.05625459, 0.0774319, 0.03921569, -4.577637e-05, 0 (Max error: 0.00262654) (D-gap: 0.000209285) (f(1) = 1.00411)
bTRC : 16-bit table with 256 entries
  ~= : 2.41034, 0.9454765, 0.05625459, 0.0774319, 0.03921569, -4.577637e-05, 0 (Max error: 0.00262654) (D-gap: 0.000209285) (f(1) = 1.00411)
Best : 2.41034, 0.9454765, 0.05625459, 0.0774319, 0.03921569, -4.577637e-05, 0 (D-gap: 0.000209285) (f(1) = 1.00411)
Inv  : 0.4148793, 1.144882, 5.240855e-05, 12.91457, 0.003036545, -0.05947113, -0 (D-gap: -0.00262654) (f(1) = 0.998199)
Best Error: | 0.00262654 0.00262654 0.00262654 |
 XYZ : | 0.43547058 0.3885498 0.14019775 |
       | 0.22172546 0.7219696 0.05630493 |
       | 0.0134887695 0.08792114 0.7234802 |
WTPT : | 0.9505004 1. 1.0890045 |
252 random bytes transformed to 84 linear XYZD50 pixels:
  0.20855177 0.34143105 0.19826656 | 0.65230965 0.8502371 0.109702974
  0.30138984 0.4061507 0.08856117 | 0.10069312 0.055268026 0.18925903
  0.11957768 0.0658543 0.2935130 | 0.3725138 0.28754392 0.03351283
  0.30567726 0.5436804 0.14959783 | 0.42511758 0.23143746 0.18389323
  0.11327651 0.09306502 0.06914701 | 0.43304032 0.28151935 0.15002597
  0.6379007 0.64728575 0.0762131 | 0.30680617 0.3773575 0.04436086
  0.17864702 0.2716547 0.17400004 | 0.26628828 0.14909294 0.56302416
  0.6533272 0.5563437 0.62211906 | 0.29946458 0.38609114 0.5634387
  0.49022975 0.52953034 0.31199193 | 0.25781157 0.33729755 0.09985978
  0.16719472 0.08154057 0.33702704 | 0.5454545 0.4715760 0.051048524
  0.54517066 0.2968556 0.62339216 | 0.46452546 0.25623348 0.1270564
  0.047257524 0.020226152 0.22992381 | 0.8284416 0.93974405 0.3973441
  0.5008593 0.24721819 0.5727301 | 0.5446447 0.72694605 0.16776654
  0.1345203 0.061476662 0.4768992 | 0.29624551 0.451609 0.27198633
  0.287434 0.29551404 0.1856053 | 0.21894279 0.1746439 0.24166254
  0.1235701 0.060791987 0.27773955 | 0.54348713 0.5596432 0.32837301
  0.56423765 0.8032313 0.4327997 | 0.5146508 0.2806704 0.44358336
  0.26180172 0.47024747 0.05798330 | 0.46410602 0.5562956 0.5294340
  0.22718776 0.30571702 0.09814836 | 0.33349022 0.17101733 0.020797252
  0.33943796 0.59221786 0.19667726 | 0.03035027 0.037655174 0.030548512
  0.09542491 0.05666513 0.4104138 | 0.15008971 0.16994974 0.3187381
  0.11136949 0.050626114 0.491562 | 0.16002722 0.16597816 0.019788343
  0.2872331 0.4007143 0.44743818 | 0.044554065 0.04488888 0.10398481
  0.14178574 0.2196452 0.04687330 | 0.30317953 0.19282726 0.07396595
  0.56039226 0.41334343 0.5669301 | 0.71507597 0.68451046 0.34643685
  0.6431945 0.45006787 0.7258058 | 0.36360377 0.21762894 0.12154324
  0.25412827 0.4286285 0.18132755 | 0.32832747 0.53771346 0.24076095
  0.09971775 0.06107873 0.062112677 | 0.39138728 0.7080178 0.10609815
  0.3216749 0.5100542 0.1386522 | 0.4755913 0.398967 0.04618572
  0.1323349 0.0910334 0.1523382 | 0.2125301 0.18273134 0.04972077
  0.053843036 0.035764642 0.2033518 | 0.02484905 0.010401301 0.10812187
  0.24833382 0.17519602 0.11617714 | 0.41416925 0.37891745 0.42527452
  0.3352113 0.21756964 0.38324257 | 0.22628752 0.38746786 0.05071914
  0.31836944 0.15574093 0.3664144 | 0.18560229 0.09158161 0.15267229
  0.17151857 0.19013035 0.31307232 | 0.36859846 0.40106234 0.552074
  0.16750401 0.26284197 0.08271472 | 0.19516073 0.14212721 0.5167586
  0.065422184 0.037531815 0.19707007 | 0.34684374 0.18167927 0.024070542
  0.35633534 0.59931433 0.072420224 | 0.011478932 0.0070738452 0.04962318
  0.31256973 0.35090008 0.652826 | 0.393742 0.6732434 0.09939982
  0.26660406 0.16155938 0.17509213 | 0.22714144 0.27319186 0.22728209
  0.3631036 0.23448126 0.13702543 | 0.33479756 0.56044673 0.24662651
  0.30403211 0.19174626 0.09689796 | 0.31632101 0.3778407 0.5250697
0 max error transforming back from XYZ:
      0   0   0   0   0   0   0   0   0   0   0   0   0   0   0   0   0   0   0   0   0
      0   0   0   0   0   0   0   0   0   0   0   0   0   0   0   0   0   0   0   0   0
      0   0   0   0   0   0   0   0   0   0   0   0   0   0   0   0   0   0   0   0   0
      0   0   0   0   0   0   0   0   0   0   0   0   0   0   0   0   0   0   0   0   0
      0   0   0   0   0   0   0   0   0   0   0   0   0   0   0   0   0   0   0   0   0
      0   0   0   0   0   0   0   0   0   0   0   0   0   0   0   0   0   0   0   0   0
      0   0   0   0   0   0   0   0   0   0   0   0   0   0   0   0   0   0   0   0   0
      0   0   0   0   0   0   0   0   0   0   0   0   0   0   0   0   0   0   0   0   0
      0   0   0   0   0   0   0   0   0   0   0   0   0   0   0   0   0   0   0   0   0
      0   0   0   0   0   0   0   0   0   0   0   0   0   0   0   0   0   0   0   0   0
      0   0   0   0   0   0   0   0   0   0   0   0   0   0   0   0   0   0   0   0   0
      0   0   0   0   0   0   0   0   0   0   0   0   0   0   0   0   0   0   0   0   0
81 edge-case pixels transformed to sRGB 8888 (unpremul):
	00000000 00000080 000000ff  00008005 00008080 000080ff  0000ff14 0000ff82 0000ffff
	00810000 0081007f 008000ff  00808000 00808080 008080ff  007dff11 007dff81 007dffff
	00ff0000 00ff007e 00ff00fe  00ff7f00 00ff7f7e 00ff7efe  00ffff01 00ffff80 00ffffff
	7f000000 7f000080 7f0000ff  7f008005 7f008080 7f0080ff  7f00ff14 7f00ff82 7f00ffff
	7f810000 7f81007f 7f8000ff  7f808000 7f808080 7f8080ff  7f7dff11 7f7dff81 7f7dffff
	7fff0000 7fff007e 7fff00fe  7fff7f00 7fff7f7e 7fff7efe  7fffff01 7fffff80 7fffffff
	ff000000 ff000080 ff0000ff  ff008005 ff008080 ff0080ff  ff00ff14 ff00ff82 ff00ffff
	ff810000 ff81007f ff8000ff  ff808000 ff808080 ff8080ff  ff7dff11 ff7dff81 ff7dffff
	ffff0000 ffff007e ffff00fe  ffff7f00 ffff7f7e ffff7efe  ffffff01 ffffff80 ffffffff
