                Size : 0x00000588 : 1416
    Data color space : 0x52474220 : 'RGB '
                 PCS : 0x58595A20 : 'XYZ '
           Tag count : 0x0000000E : 14

 Tag    : Type   : Size   : Offset
 ------ : ------ : ------ : --------
 'desc' : 'mluc' :     68 : 300
 'cprt' : 'mluc' :    134 : 368
 'wtpt' : 'XYZ ' :     20 : 504
 'chad' : 'sf32' :     44 : 524
 'rXYZ' : 'XYZ ' :     20 : 568
 'bXYZ' : 'XYZ ' :     20 : 588
 'gXYZ' : 'XYZ ' :     20 : 608
 'rTRC' : 'para' :     16 : 628
 'gTRC' : 'para' :     16 : 628
 'bTRC' : 'para' :     16 : 628
 'chrm' : 'chrm' :     36 : 644
 'meta' : 'dict' :    600 : 680
 'dmnd' : 'mluc' :     68 : 1280
 'dmdd' : 'mluc' :     68 : 1348

rTRC : 2.199997, 1, 0, 0, 0, 0, 0 (f(1) = 1)
gTRC : 2.199997, 1, 0, 0, 0, 0, 0 (f(1) = 1)
bTRC : 2.199997, 1, 0, 0, 0, 0, 0 (f(1) = 1)
Best : 2.199997, 1, 0, 0, 0, 0, 0 (f(1) = 1)
Inv  : 0.4545461, 1, -0, 0, 0, 0, 0 (f(1) = 1)
Best Error: | 0.000167012 0.000167012 0.000167012 |
 XYZ : | 0.5669860 0.26065063 0.13656616 |
       | 0.2580719 0.6846466 0.057281494 |
       | 0.00044250488 0.044403076 0.78004455 |
CHAD : | 1.0486145 0.02331543 -0.050354003 |
       | 0.030181884 0.99002075 -0.017150878 |
       | -0.009231567 0.015029907 0.75172424 |
WTPT : | 0.9642028 1. 0.8249054 |
252 random bytes transformed to 84 linear XYZD50 pixels:
  0.14991243 0.32699903 0.19160959 | 0.6052284 0.8316679 0.05574476
  0.27222535 0.39971727 0.064340114 | 0.11359264 0.056325092 0.20252300
  0.13015516 0.06636156 0.31631517 | 0.43910023 0.30564674 0.013741019
  0.2096137 0.51618045 0.121912494 | 0.53149926 0.25789693 0.18492554
  0.124535843 0.09350155 0.06556403 | 0.5244191 0.3053356 0.1435257
  0.67693775 0.65821224 0.034905325 | 0.2980963 0.376734 0.019994093
  0.13559839 0.26095557 0.16976398 | 0.30015385 0.15720690 0.6000238
  0.70402526 0.5732488 0.6360707 | 0.24069504 0.37229701 0.5845153
  0.4920155 0.5323405 0.3043101 | 0.23554226 0.33280214 0.0821063
  0.19518393 0.08823295 0.36274045 | 0.61711913 0.49232462 0.020550495
  0.65256536 0.32484954 0.6545037 | 0.5826504 0.28541842 0.119883954
  0.04477008 0.018963046 0.24988079 | 0.81342196 0.9342231 0.3686121
  0.61189723 0.27683001 0.60436213 | 0.49373924 0.71035 0.1292687
  0.14117631 0.062323585 0.5142937 | 0.22756822 0.43371537 0.2651802
  0.29547825 0.2993605 0.18146038 | 0.24006508 0.17990544 0.25205344
  0.14065274 0.06401696 0.2995606 | 0.5582901 0.56593674 0.32025876
  0.46793195 0.7717866 0.41556471 | 0.62657904 0.30934745 0.46461775
  0.1807473 0.4476096 0.028807176 | 0.42252612 0.54683405 0.53700244
  0.20222055 0.30024108 0.082461103 | 0.4319143 0.19690588 0.00792683
  0.23445588 0.5611544 0.1709803 | 0.022445805 0.031833455 0.026321804
  0.08745005 0.052064973 0.4432770 | 0.12724793 0.1636503 0.3364739
  0.108310505 0.048311747 0.5305560 | 0.16854876 0.16750635 0.007995638
  0.22401276 0.38530263 0.45962885 | 0.03612136 0.03923508 0.10799232
  0.111460484 0.21157483 0.031548723 | 0.37262186 0.20983298 0.06433516
  0.63075006 0.43478635 0.58717083 | 0.7588390 0.6974052 0.33154133
  0.7266600 0.47504162 0.75223064 | 0.44970157 0.23901374 0.116134904
  0.17969714 0.40890926 0.16622591 | 0.23878753 0.5123693 0.224258
  0.11884351 0.063337124 0.060053147 | 0.2650407 0.66713213 0.06091101
  0.2497309 0.49012288 0.11242549 | 0.54458886 0.4188075 0.019820109
  0.14944584 0.09316074 0.15897382 | 0.24023418 0.18949903 0.037611383
  0.047920815 0.031149931 0.21929365 | 0.02305852 0.009773541 0.115424834
  0.2942341 0.18638123 0.112789504 | 0.43565022 0.3876268 0.43787035
  0.38954845 0.23206196 0.40362456 | 0.16480793 0.37126097 0.02527993
  0.39325213 0.17676526 0.3899098 | 0.23409691 0.10555691 0.15982171
  0.15212121 0.1851606 0.3289527 | 0.3445254 0.39749354 0.5716633
  0.12886115 0.2530206 0.06811373 | 0.1953626 0.1413605 0.55128985
  0.06523607 0.034665234 0.21229995 | 0.4464473 0.20656397 0.010490045
  0.26644298 0.5722345 0.035507068 | 0.009099767 0.0046417145 0.049831114
  0.2708277 0.34216356 0.6813961 | 0.2865071 0.6392557 0.056308306
  0.32421177 0.17539267 0.17964315 | 0.20791067 0.269384 0.22898982
  0.44090414 0.2543728 0.13220354 | 0.23782914 0.5325204 0.22901277
  0.37292471 0.208657 0.090175695 | 0.27491402 0.36907914 0.54437774
0 max error transforming back from XYZ:
      0   0   0   0   0   0   0   0   0   0   0   0   0   0   0   0   0   0   0   0   0
      0   0   0   0   0   0   0   0   0   0   0   0   0   0   0   0   0   0   0   0   0
      0   0   0   0   0   0   0   0   0   0   0   0   0   0   0   0   0   0   0   0   0
      0   0   0   0   0   0   0   0   0   0   0   0   0   0   0   0   0   0   0   0   0
      0   0   0   0   0   0   0   0   0   0   0   0   0   0   0   0   0   0   0   0   0
      0   0   0   0   0   0   0   0   0   0   0   0   0   0   0   0   0   0   0   0   0
      0   0   0   0   0   0   0   0   0   0   0   0   0   0   0   0   0   0   0   0   0
      0   0   0   0   0   0   0   0   0   0   0   0   0   0   0   0   0   0   0   0   0
      0   0   0   0   0   0   0   0   0   0   0   0   0   0   0   0   0   0   0   0   0
      0   0   0   0   0   0   0   0   0   0   0   0   0   0   0   0   0   0   0   0   0
      0   0   0   0   0   0   0   0   0   0   0   0   0   0   0   0   0   0   0   0   0
      0   0   0   0   0   0   0   0   0   0   0   0   0   0   0   0   0   0   0   0   0
81 edge-case pixels transformed to sRGB 8888 (unpremul):
	00000000 00000093 000000ff  00008300 00008083 000072ff  0000ff00 0000ff00 0000ffff
	00850200 00840091 008100ff  00818300 00808080 007c72ff  006fff00 006eff00 0069ffff
	00ff0700 00ff0088 00ff00ff  00ff8400 00ff8075 00ff73ff  00ffff00 00ffff00 00ffffff
	7f000000 7f000093 7f0000ff  7f008300 7f008083 7f0072ff  7f00ff00 7f00ff00 7f00ffff
	7f850200 7f840091 7f8100ff  7f818300 7f808080 7f7c72ff  7f6fff00 7f6eff00 7f69ffff
	7fff0700 7fff0088 7fff00ff  7fff8400 7fff8075 7fff73ff  7fffff00 7fffff00 7fffffff
	ff000000 ff000093 ff0000ff  ff008300 ff008083 ff0072ff  ff00ff00 ff00ff00 ff00ffff
	ff850200 ff840091 ff8100ff  ff818300 ff808080 ff7c72ff  ff6fff00 ff6eff00 ff69ffff
	ffff0700 ffff0088 ffff00ff  ffff8400 ffff8075 ffff73ff  ffffff00 ffffff00 ffffffff
