                Size : 0x00000558 : 1368
    Data color space : 0x52474220 : 'RGB '
                 PCS : 0x58595A20 : 'XYZ '
           Tag count : 0x0000000E : 14

 Tag    : Type   : Size   : Offset
 ------ : ------ : ------ : --------
 'desc' : 'mluc' :     50 : 300
 'cprt' : 'mluc' :    134 : 352
 'wtpt' : 'XYZ ' :     20 : 488
 'chad' : 'sf32' :     44 : 508
 'rXYZ' : 'XYZ ' :     20 : 552
 'bXYZ' : 'XYZ ' :     20 : 572
 'gXYZ' : 'XYZ ' :     20 : 592
 'rTRC' : 'para' :     16 : 612
 'gTRC' : 'para' :     16 : 612
 'bTRC' : 'para' :     16 : 612
 'chrm' : 'chrm' :     36 : 628
 'meta' : 'dict' :    588 : 664
 'dmnd' : 'mluc' :     62 : 1252
 'dmdd' : 'mluc' :     50 : 1316

rTRC : 2.199997, 1, 0, 0, 0, 0, 0 (f(1) = 1)
gTRC : 2.199997, 1, 0, 0, 0, 0, 0 (f(1) = 1)
bTRC : 2.199997, 1, 0, 0, 0, 0, 0 (f(1) = 1)
Best : 2.199997, 1, 0, 0, 0, 0, 0 (f(1) = 1)
Inv  : 0.4545461, 1, -0, 0, 0, 0, 0 (f(1) = 1)
Best Error: | 0.000167012 0.000167012 0.000167012 |
 XYZ : |  0.43795776      0.38423156      0.14201355     |
       |  0.2230835       0.71687316      0.060058593    |
       |  0.014511108     0.09725952      0.7131195      |
CHAD : |  1.0472717       0.022460937    -0.050811767    |
       |  0.028808593     0.99142456     -0.017227172    |
       | -0.00944519      0.0154418945    0.74728393     |
WTPT : |  0.9642028       1.              0.8249054      |
252 random bytes transformed to 84 linear XYZD50 pixels:
   0.20777648      0.34238556      0.2011906      |  0.64779973      0.841969        0.11528573    
   0.30147877      0.4070942       0.08988381     |  0.09910295      0.052719228     0.1876153     
   0.11824967      0.063638374     0.2918463      |  0.37360808      0.2876557       0.032845936   
   0.30221864      0.54048383      0.153635       |  0.424658        0.2291913       0.18300336    
   0.111148595     0.08989118      0.06606361     |  0.4333451       0.28071576      0.14964318    
   0.6363592       0.6464256       0.079764634    |  0.30819672      0.37892732      0.047062825   
   0.17664504      0.27188843      0.17565079     |  0.26770925      0.14935025      0.5555638     
   0.6555678       0.56055206      0.6190871      |  0.2983514       0.3882665       0.56150615    
   0.493365        0.53246873      0.31672075     |  0.25797674      0.33847981      0.10067828    
   0.16827681      0.08153694      0.33504286     |  0.5451775       0.4723423       0.052872996   
   0.54488074      0.29666236      0.61457544     |  0.4623445       0.25294402      0.12543916    
   0.04632972      0.01980203      0.22848051     |  0.8263723       0.9369899       0.40599495    
   0.5015978       0.24792176      0.56528943     |  0.5427411       0.7226858       0.17317031    
   0.1335381       0.061106275     0.47155562     |  0.2941397       0.45141327      0.27645063    
   0.28973224      0.29770627      0.18722042     |  0.2202878       0.17478905      0.24172729    
   0.123265385     0.05979666      0.2762205      |  0.54642915      0.5625007       0.33319473    
   0.5601562       0.7961403       0.43968305     |  0.51436394      0.27962693      0.44072905    
   0.25767561      0.46764123      0.063222385    |  0.4657819       0.5585997       0.53093844    
   0.22670225      0.3065162       0.09862486     |  0.3340949       0.17039214      0.017991805   
   0.33455303      0.58748966      0.20191954     |  0.025525003     0.03266003      0.026444908   
   0.093105644     0.05430124      0.4068276      |  0.14847746      0.16970914      0.31889867    
   0.10924941      0.049444906     0.48562735     |  0.15956722      0.16486606      0.019549343   
   0.2859457       0.4021761       0.44922626     |  0.040451623     0.04053296      0.10124301    
   0.13899217      0.21870671      0.04580318     |  0.30379787      0.19117936      0.071421414   
   0.5630189       0.41703456      0.5633950      |  0.71471494      0.68514245      0.35203135    
   0.64407324      0.4535421       0.7157502      |  0.363978        0.21587713      0.11997292    
   0.25136923      0.42783415      0.18490268     |  0.3242925       0.53495746      0.24601641    
   0.097677975     0.05767456      0.058452047    |  0.38219767      0.6976907       0.1106619     
   0.31859013      0.5080776       0.14205399     |  0.47618621      0.39988085      0.046800274   
   0.13122065      0.088420733     0.15068514     |  0.21298635      0.18197983      0.047349244   
   0.050703402     0.03224423      0.2016688      |  0.023215785     0.010008538     0.10559272    
   0.24952223      0.17431688      0.114671595    |  0.41833251      0.3831993       0.42632111    
   0.338077        0.21863935      0.3820249      |  0.22312881      0.38640666      0.053468346   
   0.32207223      0.15811237      0.36456224     |  0.1883008       0.09340451      0.1512386     
   0.17057566      0.19042995      0.31357666     |  0.37087637      0.40500557      0.55042654    
   0.16492322      0.26244562      0.08250734     |  0.19456026      0.14192746      0.51142203    
   0.062341943     0.034219086     0.19534418     |  0.34641704      0.17944762      0.020957697   
   0.35153362      0.59428495      0.07907058     |  0.009621393     0.0048642596    0.045637313   
   0.31235435      0.35402432      0.64655596     |  0.38653186      0.6652513       0.10365682    
   0.2680752       0.16039976      0.17409008     |  0.22757172      0.27467426      0.22919143    
   0.36415073      0.23364879      0.13610543     |  0.33035841      0.55697166      0.25215265    
   0.30487403      0.1902589       0.09483738     |  0.31682094      0.38075661      0.5241444     
0 max error transforming back from XYZ:
      0   0   0   0   0   0   0   0   0   0   0   0   0   0   0   0   0   0   0   0   0
      0   0   0   0   0   0   0   0   0   0   0   0   0   0   0   0   0   0   0   0   0
      0   0   0   0   0   0   0   0   0   0   0   0   0   0   0   0   0   0   0   0   0
      0   0   0   0   0   0   0   0   0   0   0   0   0   0   0   0   0   0   0   0   0
      0   0   0   0   0   0   0   0   0   0   0   0   0   0   0   0   0   0   0   0   0
      0   0   0   0   0   0   0   0   0   0   0   0   0   0   0   0   0   0   0   0   0
      0   0   0   0   0   0   0   0   0   0   0   0   0   0   0   0   0   0   0   0   0
      0   0   0   0   0   0   0   0   0   0   0   0   0   0   0   0   0   0   0   0   0
      0   0   0   0   0   0   0   0   0   0   0   0   0   0   0   0   0   0   0   0   0
      0   0   0   0   0   0   0   0   0   0   0   0   0   0   0   0   0   0   0   0   0
      0   0   0   0   0   0   0   0   0   0   0   0   0   0   0   0   0   0   0   0   0
      0   0   0   0   0   0   0   0   0   0   0   0   0   0   0   0   0   0   0   0   0
81 edge-case pixels transformed to sRGB 8888 (unpremul):
	00000000 00010080 000300ff  00008000 00018080 000380ff  0001ff00 0001ff7f 0003ffff
	00800000 00800080 008000ff  00808000 00808080 008080ff  0080ff00 0080ff7f 0080ffff
	00ff0000 00ff0080 00ff00ff  00ff8000 00ff8080 00ff80ff  00ffff00 00ffff7f 00ffffff
	7f000000 7f010080 7f0300ff  7f008000 7f018080 7f0380ff  7f01ff00 7f01ff7f 7f03ffff
	7f800000 7f800080 7f8000ff  7f808000 7f808080 7f8080ff  7f80ff00 7f80ff7f 7f80ffff
	7fff0000 7fff0080 7fff00ff  7fff8000 7fff8080 7fff80ff  7fffff00 7fffff7f 7fffffff
	ff000000 ff010080 ff0300ff  ff008000 ff018080 ff0380ff  ff01ff00 ff01ff7f ff03ffff
	ff800000 ff800080 ff8000ff  ff808000 ff808080 ff8080ff  ff80ff00 ff80ff7f ff80ffff
	ffff0000 ffff0080 ffff00ff  ffff8000 ffff8080 ffff80ff  ffffff00 ffffff7f ffffffff
