                Size : 0x00000214 : 532
    Data color space : 0x52474220 : 'RGB '
                 PCS : 0x58595A20 : 'XYZ '
           Tag count : 0x0000000A : 10

 Tag    : Type   : Size   : Offset
 ------ : ------ : ------ : --------
 'cprt' : 'text' :     36 : 252
 'desc' : 'desc' :     95 : 288
 'wtpt' : 'XYZ ' :     20 : 384
 'bkpt' : 'XYZ ' :     20 : 404
 'rTRC' : 'curv' :     14 : 424
 'gTRC' : 'curv' :     14 : 440
 'bTRC' : 'curv' :     14 : 456
 'rXYZ' : 'XYZ ' :     20 : 472
 'gXYZ' : 'XYZ ' :     20 : 492
 'bXYZ' : 'XYZ ' :     20 : 512

rTRC : 2.199219, 1, 0, 0, 0, 0, 0 (f(1) = 1)
gTRC : 2.199219, 1, 0, 0, 0, 0, 0 (f(1) = 1)
bTRC : 2.199219, 1, 0, 0, 0, 0, 0 (f(1) = 1)
Best : 2.199219, 1, 0, 0, 0, 0, 0 (f(1) = 1)
Inv  : 0.4547069, 1, -0, 0, 0, 0, 0 (f(1) = 1)
Best Error: | 0.000167131 0.000167131 0.000167131 |
 XYZ : |  0.38511657      0.14305114      0.43603515     |
       |  0.7169036       0.06060791      0.2224884      |
       |  0.09706115      0.71391296      0.013916015    |
WTPT : |  0.9504547       1.              1.0890502      |
252 random bytes transformed to 84 linear XYZD50 pixels:
   0.1616426       0.07704883      0.33092755     |  0.3829453       0.501764        0.761248      
   0.18715015      0.21584221      0.37264093     |  0.16579280      0.1538287       0.023977387   
   0.22681814      0.18049572      0.029233098    |  0.29421666      0.50532895      0.20032116    
   0.15622794      0.070525795     0.53307515     |  0.4406800       0.67565763      0.1090446     
   0.109970614     0.14387461      0.06461498     |  0.4129017       0.63988         0.16799168    
   0.4418996       0.6900234       0.529906       |  0.18848255      0.26252946      0.33616802    
   0.14795327      0.08621553      0.25817501     |  0.4656479       0.40625238      0.07294292    
   0.73374325      0.8075885       0.41663456     |  0.39559572      0.21385677      0.34931775    
   0.43879401      0.49271571      0.44767054     |  0.17480014      0.19464393      0.30688002    
   0.29210805      0.2692685       0.0309956      |  0.40806892      0.68006926      0.35573852    
   0.72811913      0.8515995       0.1415732      |  0.44639504      0.73430645      0.123123414   
   0.1404184       0.07252536      0.004810786    |  0.6610912       0.7802786       0.8046187     
   0.6812580       0.8112968       0.09990903     |  0.34627673      0.39917916      0.65837085    
   0.3221505       0.21080568      0.019457355    |  0.23998922      0.145501        0.42829105    
   0.26491677      0.30563685      0.2448457      |  0.2672182       0.28509652      0.123537294   
   0.22725445      0.19617372      0.022673424    |  0.49046722      0.57582414      0.4629941     
   0.44769501      0.34885206      0.7391324      |  0.6273794       0.80895245      0.13367281    
   0.10091512      0.054968442     0.46302196     |  0.4895305       0.39688438      0.48921388    
   0.15397313      0.16087658      0.28059968     |  0.29671406      0.546487        0.074282623   
   0.19149023      0.08876989      0.5769026      |  0.024799048     0.019633544     0.029321793   
   0.25310882      0.13169921      0.02740208     |  0.22439032      0.13068711      0.1453412     
   0.30688056      0.1697555       0.014872785    |  0.109433755     0.17011168      0.13629235    
   0.32744696      0.17528064      0.3714142      |  0.069894075     0.041341356     0.03267078    
   0.07441108      0.065708935     0.20927971     |  0.27753251      0.45583424      0.11112911    
   0.67243504      0.76242226      0.27999198     |  0.62775075      0.81072986      0.5447903     
   0.81037426      0.8953229       0.29160383     |  0.3531878       0.5592638       0.117090135   
   0.16425368      0.08036217      0.41698834     |  0.22266222      0.12187966      0.51737713    
   0.106281474     0.14957627      0.031023904    |  0.15515394      0.076554164     0.69151693    
   0.18351003      0.14200282      0.487586       |  0.36234217      0.6077796       0.2954153     
   0.16906118      0.1866748       0.054614555    |  0.17214445      0.26767411      0.13583983    
   0.12810425      0.06949467      0.018233249    |  0.06650353      0.036555223     0.0025494946  
   0.24447988      0.35382443      0.1119539      |  0.47046774      0.4867227       0.29656985    
   0.4368132       0.49093803      0.12961423     |  0.095078304     0.06778027      0.37859842    
   0.43866682      0.5221281       0.06285303     |  0.22936949      0.3063091       0.038155563   
   0.23702184      0.15680863      0.16169276     |  0.46255275      0.35500213      0.3410638     
   0.09914535      0.0738494       0.25174537     |  0.3700813       0.25548848      0.09293022    
   0.13720962      0.09308163      0.016063356    |  0.3074198       0.5635533       0.08036396    
   0.15397258      0.12267053      0.5789132      |  0.0280607       0.014312463     0.0019163754  
   0.46277505      0.27891671      0.3021556      |  0.17127995      0.12152096      0.65070915    
   0.29654663      0.4076209       0.08761473     |  0.2254183       0.19305102      0.24131511    
   0.35245835      0.5398331       0.13842646     |  0.22215127      0.11106306      0.54153484    
   0.28922644      0.45842376      0.10950343     |  0.40298408      0.26373815      0.33314007    
0 max error transforming back from XYZ:
      0   0   0   0   0   0   0   0   0   0   0   0   0   0   0   0   0   0   0   0   0
      0   0   0   0   0   0   0   0   0   0   0   0   0   0   0   0   0   0   0   0   0
      0   0   0   0   0   0   0   0   0   0   0   0   0   0   0   0   0   0   0   0   0
      0   0   0   0   0   0   0   0   0   0   0   0   0   0   0   0   0   0   0   0   0
      0   0   0   0   0   0   0   0   0   0   0   0   0   0   0   0   0   0   0   0   0
      0   0   0   0   0   0   0   0   0   0   0   0   0   0   0   0   0   0   0   0   0
      0   0   0   0   0   0   0   0   0   0   0   0   0   0   0   0   0   0   0   0   0
      0   0   0   0   0   0   0   0   0   0   0   0   0   0   0   0   0   0   0   0   0
      0   0   0   0   0   0   0   0   0   0   0   0   0   0   0   0   0   0   0   0   0
      0   0   0   0   0   0   0   0   0   0   0   0   0   0   0   0   0   0   0   0   0
      0   0   0   0   0   0   0   0   0   0   0   0   0   0   0   0   0   0   0   0   0
      0   0   0   0   0   0   0   0   0   0   0   0   0   0   0   0   0   0   0   0   0
81 edge-case pixels transformed to sRGB 8888 (unpremul):
	00000000 00008000 0000ff00  00800000 00808000 0080ff00  00ff0000 00ff8000 00ffff00
	00000080 00008080 0000ff80  00800080 00808080 0080ff80  00ff0080 00ff8080 00ffff80
	000000ff 000080ff 0000ffff  008000ff 008080ff 0080ffff  00ff00ff 00ff80ff 00ffffff
	7f000000 7f008000 7f00ff00  7f800000 7f808000 7f80ff00  7fff0000 7fff8000 7fffff00
	7f000080 7f008080 7f00ff80  7f800080 7f808080 7f80ff80  7fff0080 7fff8080 7fffff80
	7f0000ff 7f0080ff 7f00ffff  7f8000ff 7f8080ff 7f80ffff  7fff00ff 7fff80ff 7fffffff
	ff000000 ff008000 ff00ff00  ff800000 ff808000 ff80ff00  ffff0000 ffff8000 ffffff00
	ff000080 ff008080 ff00ff80  ff800080 ff808080 ff80ff80  ffff0080 ffff8080 ffffff80
	ff0000ff ff0080ff ff00ffff  ff8000ff ff8080ff ff80ffff  ffff00ff ffff80ff ffffffff
