                Size : 0x00000230 : 560
    Data color space : 0x52474220 : 'RGB '
                 PCS : 0x58595A20 : 'XYZ '
           Tag count : 0x0000000A : 10

 Tag    : Type   : Size   : Offset
 ------ : ------ : ------ : --------
 'cprt' : 'text' :     50 : 252
 'desc' : 'desc' :    107 : 304
 'wtpt' : 'XYZ ' :     20 : 412
 'bkpt' : 'XYZ ' :     20 : 432
 'rTRC' : 'curv' :     14 : 452
 'gTRC' : 'curv' :     14 : 468
 'bTRC' : 'curv' :     14 : 484
 'rXYZ' : 'XYZ ' :     20 : 500
 'gXYZ' : 'XYZ ' :     20 : 520
 'bXYZ' : 'XYZ ' :     20 : 540

rTRC : 2.199219, 1, 0, 0, 0, 0, 0 (f(1) = 1)
gTRC : 2.199219, 1, 0, 0, 0, 0, 0 (f(1) = 1)
bTRC : 2.199219, 1, 0, 0, 0, 0, 0 (f(1) = 1)
Best : 2.199219, 1, 0, 0, 0, 0, 0 (f(1) = 1)
Inv  : 0.4547069, 1, -0, 0, 0, 0, 0 (f(1) = 1)
Best Error: | 0.000167131 0.000167131 0.000167131 |
 XYZ : | 0.6097412 0.20527648 0.14918518 |
       | 0.31111145 0.6256713 0.06321716 |
       | 0.019470214 0.06086731 0.7445678 |
WTPT : | 0.9504547 1. 1.0890502 |
252 random bytes transformed to 84 linear XYZD50 pixels:
  0.12732735 0.3013412 0.1914854 | 0.5772343 0.80629503 0.083051204
  0.25639188 0.38426995 0.07510522 | 0.12205997 0.06436166 0.1961394
  0.13978393 0.07448282 0.30470174 | 0.45828536 0.33119547 0.029673345
  0.16986355 0.47301507 0.1301977 | 0.56990724 0.30353403 0.19368013
  0.12926887 0.0992001 0.06709654 | 0.5554962 0.34332424 0.15505191
  0.68163085 0.66998314 0.062053345 | 0.28872937 0.36923065 0.033248886
  0.11980976 0.24290624 0.16922618 | 0.3214395 0.17653301 0.5797727
  0.7249923 0.596012 0.63164085 | 0.22528955 0.35075503 0.5673468
  0.48895174 0.5303583 0.31079006 | 0.22364561 0.3211112 0.08985494
  0.2108545 0.10311803 0.35079431 | 0.63568145 0.518972 0.043975945
  0.6995223 0.37553235 0.64341926 | 0.6241881 0.33584 0.13375018
  0.048891738 0.020948287 0.23864978 | 0.80074173 0.9241408 0.38709434
  0.6595932 0.3284892 0.59396916 | 0.466894 0.6842117 0.14786888
  0.15324384 0.0708661 0.49271705 | 0.20155817 0.40416425 0.26516231
  0.29638993 0.30121818 0.18509334 | 0.24945025 0.18968057 0.24855026
  0.15198546 0.07431896 0.2890321 | 0.5597927 0.56949055 0.32820805
  0.43003463 0.7297126 0.41993832 | 0.6716563 0.35997253 0.46236658
  0.14598691 0.41078293 0.039854005 | 0.4085995 0.52932745 0.5300083
  0.19011546 0.28797632 0.0887662 | 0.46450781 0.23721621 0.022051546
  0.1922166 0.5148934 0.17819322 | 0.02135368 0.030548023 0.026140034
  0.09339833 0.05418805 0.42380002 | 0.12359914 0.15689522 0.32547175
  0.11778312 0.053471662 0.50705766 | 0.16931943 0.16999772 0.014860653
  0.20434826 0.36038845 0.4486917 | 0.036086812 0.038269802 0.10414803
  0.09865178 0.19822990 0.036545865 | 0.3956078 0.23825566 0.074325904
  0.66004484 0.46657076 0.5809456 | 0.7701013 0.7136908 0.34635707
  0.76395893 0.51468193 0.7406563 | 0.47938117 0.27500033 0.1259769
  0.15023379 0.37626224 0.16960264 | 0.20375497 0.4734627 0.22800289
  0.12678976 0.072573445 0.061186496 | 0.21264538 0.6112837 0.07635673
  0.21892255 0.45733186 0.12176416 | 0.56307256 0.44461718 0.040135432
  0.1578161 0.10199286 0.15638113 | 0.24789862 0.19997051 0.045211602
  0.050798237 0.032169833 0.20992474 | 0.025161411 0.010927792 0.11034578
  0.3098081 0.20522402 0.117899633 | 0.44442963 0.3965305 0.43350091
  0.4126305 0.25667107 0.39708754 | 0.13802713 0.34311994 0.034758701
  0.42412895 0.21015083 0.3831943 | 0.25232175 0.12610372 0.15956690
  0.14899754 0.17932404 0.31935513 | 0.3399001 0.38904786 0.5582602
  0.11299674 0.23604165 0.072437346 | 0.20440436 0.1467005 0.5305959
  0.07000306 0.038017794 0.2037944 | 0.47973612 0.24776688 0.025028526
  0.22681994 0.53080815 0.050598427 | 0.009836428 0.004943131 0.047637712
  0.26374036 0.32893753 0.6594793 | 0.24075366 0.5910105 0.072048455
  0.34545636 0.19998738 0.18191447 | 0.20099325 0.26113274 0.22742325
  0.46739414 0.28655836 0.14127275 | 0.19998927 0.49045115 0.23284612
  0.39616525 0.23704998 0.09884028 | 0.26452973 0.35389626 0.5300968
0 max error transforming back from XYZ:
      0   0   0   0   0   0   0   0   0   0   0   0   0   0   0   0   0   0   0   0   0
      0   0   0   0   0   0   0   0   0   0   0   0   0   0   0   0   0   0   0   0   0
      0   0   0   0   0   0   0   0   0   0   0   0   0   0   0   0   0   0   0   0   0
      0   0   0   0   0   0   0   0   0   0   0   0   0   0   0   0   0   0   0   0   0
      0   0   0   0   0   0   0   0   0   0   0   0   0   0   0   0   0   0   0   0   0
      0   0   0   0   0   0   0   0   0   0   0   0   0   0   0   0   0   0   0   0   0
      0   0   0   0   0   0   0   0   0   0   0   0   0   0   0   0   0   0   0   0   0
      0   0   0   0   0   0   0   0   0   0   0   0   0   0   0   0   0   0   0   0   0
      0   0   0   0   0   0   0   0   0   0   0   0   0   0   0   0   0   0   0   0   0
      0   0   0   0   0   0   0   0   0   0   0   0   0   0   0   0   0   0   0   0   0
      0   0   0   0   0   0   0   0   0   0   0   0   0   0   0   0   0   0   0   0   0
      0   0   0   0   0   0   0   0   0   0   0   0   0   0   0   0   0   0   0   0   0
81 edge-case pixels transformed to sRGB 8888 (unpremul):
	00000000 00000095 000000ff  00008000 00008080 000080ff  0000ff00 0000ff00 0000ffff
	00830000 00830095 008300ff  00808000 00808080 008080ff  0076ff00 0076ff00 0076ffff
	00ff0000 00ff0095 00ff00ff  00ff8000 00ff8080 00ff80ff  00ffff00 00ffff00 00ffffff
	7f000000 7f000095 7f0000ff  7f008000 7f008080 7f0080ff  7f00ff00 7f00ff00 7f00ffff
	7f830000 7f830095 7f8300ff  7f808000 7f808080 7f8080ff  7f76ff00 7f76ff00 7f76ffff
	7fff0000 7fff0095 7fff00ff  7fff8000 7fff8080 7fff80ff  7fffff00 7fffff00 7fffffff
	ff000000 ff000095 ff0000ff  ff008000 ff008080 ff0080ff  ff00ff00 ff00ff00 ff00ffff
	ff830000 ff830095 ff8300ff  ff808000 ff808080 ff8080ff  ff76ff00 ff76ff00 ff76ffff
	ffff0000 ffff0095 ffff00ff  ffff8000 ffff8080 ffff80ff  ffffff00 ffffff00 ffffffff
