                Size : 0x00000224 : 548
    Data color space : 0x52474220 : 'RGB '
                 PCS : 0x58595A20 : 'XYZ '
           Tag count : 0x0000000A : 10

 Tag    : Type   : Size   : Offset
 ------ : ------ : ------ : --------
 'desc' : 'desc' :    101 : 252
 'cprt' : 'text' :     35 : 356
 'wtpt' : 'XYZ ' :     20 : 392
 'rXYZ' : 'XYZ ' :     20 : 412
 'gXYZ' : 'XYZ ' :     20 : 432
 'bXYZ' : 'XYZ ' :     20 : 452
 'rTRC' : 'para' :     32 : 472
 'chad' : 'sf32' :     44 : 504
 'bTRC' : 'para' :     32 : 472
 'gTRC' : 'para' :     32 : 472

rTRC : 2.399994, 0.947998, 0.05200195, 0.07699585, 0.03900146, 0, 0 (D-gap: 4.87827e-06) (f(1) = 1) (~sRGB)
gTRC : 2.399994, 0.947998, 0.05200195, 0.07699585, 0.03900146, 0, 0 (D-gap: 4.87827e-06) (f(1) = 1) (~sRGB)
bTRC : 2.399994, 0.947998, 0.05200195, 0.07699585, 0.03900146, 0, 0 (D-gap: 4.87827e-06) (f(1) = 1) (~sRGB)
TRCs ≈ sRGB
Best : 2.399994, 0.947998, 0.05200195, 0.07699585, 0.03900146, 0, 0 (D-gap: 4.87827e-06) (f(1) = 1) (~sRGB)
Inv  : 0.4166677, 1.136909, -0, 12.98771, 0.003002951, -0.05482483, -0 (D-gap: -3.19481e-05) (f(1) = 1)
Best Error: | 7.4923e-05 7.4923e-05 7.4923e-05 |
 XYZ : |  0.51512146      0.29197692      0.15710449     |
       |  0.24119567      0.6922454       0.0665741      |
       | -0.0010528564    0.041885376     0.7840728      |
CHAD : |  1.0478820       0.022918701    -0.050201416    |
       |  0.029586792     0.9904785      -0.017059326    |
       | -0.009231567     0.015075683     0.75167846     |
WTPT : |  0.9504547       1.              1.0890502      |
252 random bytes transformed to 84 linear XYZD50 pixels:
   0.16673737      0.32695066      0.18803781     |  0.6007987       0.82682204      0.05567954    
   0.27174183      0.39307242      0.0651045      |  0.11251592      0.058919385     0.19963942    
   0.1324693       0.070509485     0.31174698     |  0.4054234       0.29220187      0.015091136   
   0.23382872      0.5185105       0.12056750     |  0.49075773      0.24723146      0.18134833    
   0.11952970      0.09340535      0.06716594     |  0.48601871      0.29271456      0.14100664    
   0.646153        0.64153063      0.034774527    |  0.28897416      0.36738947      0.020033642   
   0.14880164      0.2608743       0.16702014     |  0.2970953       0.15969274      0.59775954    
   0.68498963      0.56254303      0.6319425      |  0.2669635       0.37665945      0.58032703    
   0.48102864      0.5224174       0.29760587     |  0.23497936      0.32692992      0.08229713    
   0.1903054       0.08926987      0.3578138      |  0.578427        0.47420555      0.02065224    
   0.62247395      0.31868955      0.65272396     |  0.5368784       0.27304047      0.1181885     
   0.052096325     0.023206437     0.2461767      |  0.8046873       0.9294673       0.36021712    
   0.57996273      0.27006775      0.601476       |  0.49437657      0.70551455      0.12699472    
   0.150593        0.06883215      0.51075643     |  0.24732387      0.43450003      0.25967717    
   0.28600925      0.2920472       0.17800973     |  0.23157434      0.17701843      0.24759301    
   0.13972196      0.066402405     0.29507172     |  0.54246205      0.5545117       0.31320777    
   0.49164778      0.7775107       0.40796583     |  0.5901526       0.3006997       0.45901945    
   0.19985528      0.44769084      0.027855865    |  0.4335994       0.54507154      0.5310255     
   0.20406694      0.29562094      0.082739993    |  0.39069053      0.18434737      0.010046519   
   0.2626285       0.56557846      0.16780844     |  0.027443314     0.03608075      0.029634987   
   0.10135050      0.060595266     0.43896624     |  0.13996988      0.1669601       0.331232      
   0.12300711      0.05705449      0.5273982      |  0.15993115      0.16311503      0.009038428   
   0.24819043      0.38838297      0.45350712     |  0.042700283     0.044121477     0.108146995   
   0.11828278      0.21004615      0.03386678     |  0.34181383      0.20068725      0.06533730    
   0.6068227       0.4246453       0.5827177      |  0.73244494      0.68309164      0.32377088    
   0.7031858       0.4659920       0.75248003     |  0.41389736      0.22876423      0.11488149    
   0.20028942      0.4097524       0.16331735     |  0.26380363      0.51525664      0.21949158    
   0.11174356      0.06354712      0.061962273    |  0.29732975      0.6748887       0.0617699     
   0.2653406       0.48915743      0.11131712     |  0.50787663      0.40216732      0.020628623   
   0.14405971      0.09365428      0.15711371     |  0.22416447      0.18307818      0.039806794   
   0.056200467     0.03724101      0.21621784     |  0.027486141     0.011843270     0.11519238    
   0.27314916      0.17984697      0.11199837     |  0.42469412      0.37976497      0.4314715     
   0.37092366      0.22692951      0.39799097     |  0.17840008      0.36950132      0.025891434   
   0.36858168      0.17032508      0.38444188     |  0.21529018      0.09956555      0.15760195    
   0.1622111       0.18701925      0.32363301     |  0.35443913      0.39616161      0.5670543     
   0.13834834      0.25154247      0.06918612     |  0.20512573      0.14666372      0.5479583     
   0.071046084     0.03984155      0.20932281     |  0.40500107      0.19490546      0.012747851   
   0.28502237      0.5729147       0.03397129     |  0.011941445     0.0073551787    0.052365243   
   0.29372882      0.34625205      0.6799135      |  0.3112213       0.64333474      0.057158656   
   0.3008188       0.16952972      0.17670063     |  0.2117621       0.26663225      0.2245899     
   0.40755632      0.24388080      0.13032956     |  0.26531693      0.536496        0.22413885    
   0.342832        0.19986364      0.09011138     |  0.2925339       0.3704353       0.53941583    
0 max error transforming back from XYZ:
      0   0   0   0   0   0   0   0   0   0   0   0   0   0   0   0   0   0   0   0   0
      0   0   0   0   0   0   0   0   0   0   0   0   0   0   0   0   0   0   0   0   0
      0   0   0   0   0   0   0   0   0   0   0   0   0   0   0   0   0   0   0   0   0
      0   0   0   0   0   0   0   0   0   0   0   0   0   0   0   0   0   0   0   0   0
      0   0   0   0   0   0   0   0   0   0   0   0   0   0   0   0   0   0   0   0   0
      0   0   0   0   0   0   0   0   0   0   0   0   0   0   0   0   0   0   0   0   0
      0   0   0   0   0   0   0   0   0   0   0   0   0   0   0   0   0   0   0   0   0
      0   0   0   0   0   0   0   0   0   0   0   0   0   0   0   0   0   0   0   0   0
      0   0   0   0   0   0   0   0   0   0   0   0   0   0   0   0   0   0   0   0   0
      0   0   0   0   0   0   0   0   0   0   0   0   0   0   0   0   0   0   0   0   0
      0   0   0   0   0   0   0   0   0   0   0   0   0   0   0   0   0   0   0   0   0
      0   0   0   0   0   0   0   0   0   0   0   0   0   0   0   0   0   0   0   0   0
81 edge-case pixels transformed to sRGB 8888 (unpremul):
	00000000 0000008b 000000ff  00008100 00007f7f 000075ff  0000ff00 0000ff34 0000ffff
	00850000 0083008b 007f00ff  00808100 007f7f7f 007b75ff  006dff00 006cff34 0067ffff
	00ff0000 00ff008b 00ff00ff  00ff8100 00ff7f7f 00ff75ff  00ffff00 00ffff34 00ffffff
	7f000000 7f00008b 7f0000ff  7f008100 7f007f7f 7f0075ff  7f00ff00 7f00ff34 7f00ffff
	7f850000 7f83008b 7f7f00ff  7f808100 7f7f7f7f 7f7b75ff  7f6dff00 7f6cff34 7f67ffff
	7fff0000 7fff008b 7fff00ff  7fff8100 7fff7f7f 7fff75ff  7fffff00 7fffff34 7fffffff
	ff000000 ff00008b ff0000ff  ff008100 ff007f7f ff0075ff  ff00ff00 ff00ff34 ff00ffff
	ff850000 ff83008b ff7f00ff  ff808100 ff7f7f7f ff7b75ff  ff6dff00 ff6cff34 ff67ffff
	ffff0000 ffff008b ffff00ff  ffff8100 ffff7f7f ffff75ff  ffffff00 ffffff34 ffffffff
