                Size : 0x00000254 : 596
    Data color space : 0x52474220 : 'RGB '
                 PCS : 0x58595A20 : 'XYZ '
           Tag count : 0x0000000B : 11

 Tag    : Type   : Size   : Offset
 ------ : ------ : ------ : --------
 'desc' : 'mluc' :     64 : 264
 'cprt' : 'mluc' :     90 : 328
 'wtpt' : 'XYZ ' :     20 : 420
 'bkpt' : 'XYZ ' :     20 : 440
 'rXYZ' : 'XYZ ' :     20 : 460
 'gXYZ' : 'XYZ ' :     20 : 480
 'bXYZ' : 'XYZ ' :     20 : 500
 'rTRC' : 'para' :     32 : 520
 'chad' : 'sf32' :     44 : 552
 'bTRC' : 'para' :     32 : 520
 'gTRC' : 'para' :     32 : 520

rTRC : 2.399994, 0.9478607, 0.05213928, 0.07739258, 0.04045105, 0, 0 (D-gap: 8.08388e-07) (f(1) = 1) (~sRGB)
gTRC : 2.399994, 0.9478607, 0.05213928, 0.07739258, 0.04045105, 0, 0 (D-gap: 8.08388e-07) (f(1) = 1) (~sRGB)
bTRC : 2.399994, 0.9478607, 0.05213928, 0.07739258, 0.04045105, 0, 0 (D-gap: 8.08388e-07) (f(1) = 1) (~sRGB)
TRCs ≈ sRGB
Best : 2.399994, 0.9478607, 0.05213928, 0.07739258, 0.04045105, 0, 0 (D-gap: 8.08388e-07) (f(1) = 1) (~sRGB)
Inv  : 0.4166677, 1.137306, -0, 12.92114, 0.003130611, -0.05498505, -0 (D-gap: 1.33514e-05) (f(1) = 1)
Best Error: | 8.2612e-05 8.2612e-05 8.2612e-05 |
 XYZ : | 0.43603515 0.38511657 0.14305114 |
       | 0.2224884 0.7169036 0.06060791 |
       | 0.013916015 0.09706115 0.71391296 |
CHAD : | 1.0478820 0.022918701 -0.050186157 |
       | 0.029586792 0.9904785 -0.017044067 |
       | -0.009216308 0.015075683 0.75167846 |
WTPT : | 0.9504547 1. 1.0890502 |
252 random bytes transformed to 84 linear XYZD50 pixels:
  0.20553073 0.3367798 0.19785901 | 0.64428663 0.8396433 0.11757268
  0.29678157 0.40014785 0.09110152 | 0.09983274 0.055310133 0.18464827
  0.118966415 0.066347554 0.28694993 | 0.3687669 0.28403282 0.034733384
  0.30088526 0.5360338 0.15330654 | 0.422496 0.2305918 0.18002861
  0.11150106 0.09150876 0.067732445 | 0.42968207 0.27928322 0.14771598
  0.6313127 0.6396213 0.08110216 | 0.3023448 0.37168985 0.04768114
  0.17578621 0.26769933 0.17304396 | 0.26561865 0.15039627 0.55178415
  0.6491615 0.55321115 0.6141228 | 0.29696425 0.3831214 0.5562145
  0.48518583 0.5239331 0.31056267 | 0.25382733 0.33224254 0.10114877
  0.16655847 0.082482375 0.32957455 | 0.54025906 0.46616247 0.05397956
  0.5434960 0.2980006 0.6115472 | 0.46162816 0.25497955 0.12454841
  0.0475266 0.021310191 0.22436916 | 0.8232293 0.93540883 0.39991402
  0.49963015 0.24906764 0.5612915 | 0.5376225 0.71769905 0.17257982
  0.13477617 0.06340023 0.46673756 | 0.29209536 0.44585195 0.2714313
  0.28393936 0.29180482 0.18394073 | 0.21676822 0.17308136 0.23720793
  0.12299811 0.061489366 0.2713758 | 0.53823816 0.554005 0.32676482
  0.5576518 0.794506 0.43362546 | 0.5125187 0.28095725 0.43496367
  0.2571691 0.46295592 0.06332503 | 0.45963522 0.5512065 0.5246399
  0.22350573 0.3009903 0.09912165 | 0.33124774 0.17027203 0.020523212
  0.33427554 0.58418953 0.19998604 | 0.029451867 0.036602146 0.029779525
  0.095670744 0.057883072 0.40166896 | 0.14858882 0.1684505 0.313297
  0.11195 0.05269875 0.48112067 | 0.15738417 0.16296941 0.02086934
  0.28424075 0.39680138 0.44272536 | 0.04377237 0.04416621 0.101415693
  0.13892114 0.21563598 0.048229888 | 0.3004193 0.19091644 0.07278457
  0.55721044 0.4117139 0.55804586 | 0.70899856 0.678191 0.345431
  0.64039444 0.44935765 0.7141999 | 0.36077773 0.2160249 0.11921825
  0.25014686 0.42261126 0.18256482 | 0.32348686 0.53062254 0.24218122
  0.09834510 0.06025471 0.060400817 | 0.38505443 0.6981055 0.11343322
  0.31653985 0.5027467 0.14181344 | 0.47090023 0.39421647 0.048365097
  0.13084098 0.090171515 0.14887726 | 0.20972187 0.17996370 0.049682993
  0.0535568 0.035974614 0.1984661 | 0.024762434 0.010814731 0.10505715
  0.24580432 0.17330664 0.11409583 | 0.4107733 0.37598913 0.41953504
  0.3331938 0.21698986 0.37601462 | 0.22214046 0.38122686 0.054712995
  0.31726265 0.15690901 0.35860404 | 0.18434447 0.091724425 0.14886756
  0.16969062 0.1883141 0.3079367 | 0.36552405 0.39809078 0.5447737
  0.16437286 0.25844654 0.08373274 | 0.19444482 0.14261056 0.5067772
  0.06495116 0.037758816 0.19225351 | 0.3443518 0.18055683 0.023736581
  0.35045597 0.5904958 0.07910823 | 0.011345014 0.007058254 0.04796125
  0.31051307 0.34904813 0.64324915 | 0.38735353 0.6636496 0.10618597
  0.2644420 0.16051523 0.17136585 | 0.22409555 0.26968473 0.22483286
  0.36011955 0.23253 0.13467770 | 0.3299083 0.5531083 0.24830694
  0.30133786 0.18998162 0.09513325 | 0.31351071 0.37481567 0.5182567
0 max error transforming back from XYZ:
      0   0   0   0   0   0   0   0   0   0   0   0   0   0   0   0   0   0   0   0   0
      0   0   0   0   0   0   0   0   0   0   0   0   0   0   0   0   0   0   0   0   0
      0   0   0   0   0   0   0   0   0   0   0   0   0   0   0   0   0   0   0   0   0
      0   0   0   0   0   0   0   0   0   0   0   0   0   0   0   0   0   0   0   0   0
      0   0   0   0   0   0   0   0   0   0   0   0   0   0   0   0   0   0   0   0   0
      0   0   0   0   0   0   0   0   0   0   0   0   0   0   0   0   0   0   0   0   0
      0   0   0   0   0   0   0   0   0   0   0   0   0   0   0   0   0   0   0   0   0
      0   0   0   0   0   0   0   0   0   0   0   0   0   0   0   0   0   0   0   0   0
      0   0   0   0   0   0   0   0   0   0   0   0   0   0   0   0   0   0   0   0   0
      0   0   0   0   0   0   0   0   0   0   0   0   0   0   0   0   0   0   0   0   0
      0   0   0   0   0   0   0   0   0   0   0   0   0   0   0   0   0   0   0   0   0
      0   0   0   0   0   0   0   0   0   0   0   0   0   0   0   0   0   0   0   0   0
81 edge-case pixels transformed to sRGB 8888 (unpremul):
	00000000 0000007f 000000ff  00007f00 00007f7f 00007fff  0000ff00 0000ff7f 0000ffff
	007f0000 007f007f 007f00ff  007f7f00 007f7f7f 007f7fff  007fff00 007fff7f 007fffff
	00ff0000 00ff007f 00ff00ff  00ff7f00 00ff7f7f 00ff7fff  00ffff00 00ffff7f 00ffffff
	7f000000 7f00007f 7f0000ff  7f007f00 7f007f7f 7f007fff  7f00ff00 7f00ff7f 7f00ffff
	7f7f0000 7f7f007f 7f7f00ff  7f7f7f00 7f7f7f7f 7f7f7fff  7f7fff00 7f7fff7f 7f7fffff
	7fff0000 7fff007f 7fff00ff  7fff7f00 7fff7f7f 7fff7fff  7fffff00 7fffff7f 7fffffff
	ff000000 ff00007f ff0000ff  ff007f00 ff007f7f ff007fff  ff00ff00 ff00ff7f ff00ffff
	ff7f0000 ff7f007f ff7f00ff  ff7f7f00 ff7f7f7f ff7f7fff  ff7fff00 ff7fff7f ff7fffff
	ffff0000 ffff007f ffff00ff  ffff7f00 ffff7f7f ffff7fff  ffffff00 ffffff7f ffffffff
This profile ≈ sRGB.
